0
8.19200000000000
16.3840000000000
24.5760000000000
32.7680000000000
40.9600000000000
49.1520000000000
57.3440000000000
65.5360000000000
73.7280000000000
81.9200000000000
90.1120000000000
98.3040000000000
106.496000000000
114.688000000000
122.880000000000
131.072000000000
139.264000000000
147.456000000000
155.648000000000
163.840000000000
172.032000000000
180.224000000000
188.416000000000
196.608000000000
204.800000000000
212.992000000000
221.184000000000
229.376000000000
237.568000000000
245.760000000000
253.952000000000
262.144000000000
270.336000000000
278.528000000000
286.720000000000
294.912000000000
303.104000000000
311.296000000000
319.488000000000
327.680000000000
335.872000000000
344.064000000000
352.256000000000
360.448000000000
368.640000000000
376.832000000000
385.024000000000
393.216000000000
401.408000000000
409.600000000000
417.792000000000
425.984000000000
434.176000000000
442.368000000000
450.560000000000
458.752000000000
466.944000000000
475.136000000000
483.328000000000
491.520000000000
499.712000000000
507.904000000000
516.096000000000
524.288000000000
532.480000000000
540.672000000000
548.864000000000
557.056000000000
565.248000000000
573.440000000000
581.632000000000
589.824000000000
598.016000000000
606.208000000000
614.400000000000
622.592000000000
630.784000000000
638.976000000000
647.168000000000
655.360000000000
663.552000000000
671.744000000000
679.936000000000
688.128000000000
696.320000000000
704.512000000000
712.704000000000
720.896000000000
729.088000000000
737.280000000000
745.472000000000
753.664000000000
761.856000000000
770.048000000000
778.240000000000
786.432000000000
794.624000000000
802.816000000000
811.008000000000
819.200000000000
827.392000000000
835.584000000000
843.776000000000
851.968000000000
860.160000000000
868.352000000000
876.544000000000
884.736000000000
892.928000000000
901.120000000000
909.312000000000
917.504000000000
925.696000000000
933.888000000000
942.080000000000
950.272000000000
958.464000000000
966.656000000000
974.848000000000
983.040000000000
991.232000000000
999.424000000000
1007.61600000000
1015.80800000000
1024
1032.19200000000
1040.38400000000
1048.57600000000
1056.76800000000
1064.96000000000
1073.15200000000
1081.34400000000
1089.53600000000
1097.72800000000
1105.92000000000
1114.11200000000
1122.30400000000
1130.49600000000
1138.68800000000
1146.88000000000
1155.07200000000
1163.26400000000
1171.45600000000
1179.64800000000
1187.84000000000
1196.03200000000
1204.22400000000
1212.41600000000
1220.60800000000
1228.80000000000
1236.99200000000
1245.18400000000
1253.37600000000
1261.56800000000
1269.76000000000
1277.95200000000
1286.14400000000
1294.33600000000
1302.52800000000
1310.72000000000
1318.91200000000
1327.10400000000
1335.29600000000
1343.48800000000
1351.68000000000
1359.87200000000
1368.06400000000
1376.25600000000
1384.44800000000
1392.64000000000
1400.83200000000
1409.02400000000
1417.21600000000
1425.40800000000
1433.60000000000
1441.79200000000
1449.98400000000
1458.17600000000
1466.36800000000
1474.56000000000
1482.75200000000
1490.94400000000
1499.13600000000
1507.32800000000
1515.52000000000
1523.71200000000
1531.90400000000
1540.09600000000
1548.28800000000
1556.48000000000
1564.67200000000
1572.86400000000
1581.05600000000
1589.24800000000
1597.44000000000
1605.63200000000
1613.82400000000
1622.01600000000
1630.20800000000
1638.40000000000
1646.59200000000
1654.78400000000
1662.97600000000
1671.16800000000
1679.36000000000
1687.55200000000
1695.74400000000
1703.93600000000
1712.12800000000
1720.32000000000
1728.51200000000
1736.70400000000
1744.89600000000
1753.08800000000
1761.28000000000
1769.47200000000
1777.66400000000
1785.85600000000
1794.04800000000
1802.24000000000
1810.43200000000
1818.62400000000
1826.81600000000
1835.00800000000
1843.20000000000
1851.39200000000
1859.58400000000
1867.77600000000
1875.96800000000
1884.16000000000
1892.35200000000
1900.54400000000
1908.73600000000
1916.92800000000
1925.12000000000
1933.31200000000
1941.50400000000
1949.69600000000
1957.88800000000
1966.08000000000
1974.27200000000
1982.46400000000
1990.65600000000
1998.84800000000
2007.04000000000
2015.23200000000
2023.42400000000
2031.61600000000
2039.80800000000
2048
2056.19200000000
2064.38400000000
2072.57600000000
2080.76800000000
2088.96000000000
2097.15200000000
2105.34400000000
2113.53600000000
2121.72800000000
2129.92000000000
2138.11200000000
2146.30400000000
2154.49600000000
2162.68800000000
2170.88000000000
2179.07200000000
2187.26400000000
2195.45600000000
2203.64800000000
2211.84000000000
2220.03200000000
2228.22400000000
2236.41600000000
2244.60800000000
2252.80000000000
2260.99200000000
2269.18400000000
2277.37600000000
2285.56800000000
2293.76000000000
2301.95200000000
2310.14400000000
2318.33600000000
2326.52800000000
2334.72000000000
2342.91200000000
2351.10400000000
2359.29600000000
2367.48800000000
2375.68000000000
2383.87200000000
2392.06400000000
2400.25600000000
2408.44800000000
2416.64000000000
2424.83200000000
2433.02400000000
2441.21600000000
2449.40800000000
2457.60000000000
2465.79200000000
2473.98400000000
2482.17600000000
2490.36800000000
2498.56000000000
2506.75200000000
2514.94400000000
2523.13600000000
2531.32800000000
2539.52000000000
2547.71200000000
2555.90400000000
2564.09600000000
2572.28800000000
2580.48000000000
2588.67200000000
2596.86400000000
2605.05600000000
2613.24800000000
2621.44000000000
2629.63200000000
2637.82400000000
2646.01600000000
2654.20800000000
2662.40000000000
2670.59200000000
2678.78400000000
2686.97600000000
2695.16800000000
2703.36000000000
2711.55200000000
2719.74400000000
2727.93600000000
2736.12800000000
2744.32000000000
2752.51200000000
2760.70400000000
2768.89600000000
2777.08800000000
2785.28000000000
2793.47200000000
2801.66400000000
2809.85600000000
2818.04800000000
2826.24000000000
2834.43200000000
2842.62400000000
2850.81600000000
2859.00800000000
2867.20000000000
2875.39200000000
2883.58400000000
2891.77600000000
2899.96800000000
2908.16000000000
2916.35200000000
2924.54400000000
2932.73600000000
2940.92800000000
2949.12000000000
2957.31200000000
2965.50400000000
2973.69600000000
2981.88800000000
2990.08000000000
2998.27200000000
3006.46400000000
3014.65600000000
3022.84800000000
3031.04000000000
3039.23200000000
3047.42400000000
3055.61600000000
3063.80800000000
3072
3080.19200000000
3088.38400000000
3096.57600000000
3104.76800000000
3112.96000000000
3121.15200000000
3129.34400000000
3137.53600000000
3145.72800000000
3153.92000000000
3162.11200000000
3170.30400000000
3178.49600000000
3186.68800000000
3194.88000000000
3203.07200000000
3211.26400000000
3219.45600000000
3227.64800000000
3235.84000000000
3244.03200000000
3252.22400000000
3260.41600000000
3268.60800000000
3276.80000000000
3284.99200000000
3293.18400000000
3301.37600000000
3309.56800000000
3317.76000000000
3325.95200000000
3334.14400000000
3342.33600000000
3350.52800000000
3358.72000000000
3366.91200000000
3375.10400000000
3383.29600000000
3391.48800000000
3399.68000000000
3407.87200000000
3416.06400000000
3424.25600000000
3432.44800000000
3440.64000000000
3448.83200000000
3457.02400000000
3465.21600000000
3473.40800000000
3481.60000000000
3489.79200000000
3497.98400000000
3506.17600000000
3514.36800000000
3522.56000000000
3530.75200000000
3538.94400000000
3547.13600000000
3555.32800000000
3563.52000000000
3571.71200000000
3579.90400000000
3588.09600000000
3596.28800000000
3604.48000000000
3612.67200000000
3620.86400000000
3629.05600000000
3637.24800000000
3645.44000000000
3653.63200000000
3661.82400000000
3670.01600000000
3678.20800000000
3686.40000000000
3694.59200000000
3702.78400000000
3710.97600000000
3719.16800000000
3727.36000000000
3735.55200000000
3743.74400000000
3751.93600000000
3760.12800000000
3768.32000000000
3776.51200000000
3784.70400000000
3792.89600000000
3801.08800000000
3809.28000000000
3817.47200000000
3825.66400000000
3833.85600000000
3842.04800000000
3850.24000000000
3858.43200000000
3866.62400000000
3874.81600000000
3883.00800000000
3891.20000000000
3899.39200000000
3907.58400000000
3915.77600000000
3923.96800000000
3932.16000000000
3940.35200000000
3948.54400000000
3956.73600000000
3964.92800000000
3973.12000000000
3981.31200000000
3989.50400000000
3997.69600000000
4005.88800000000
4014.08000000000
4022.27200000000
4030.46400000000
4038.65600000000
4046.84800000000
4055.04000000000
4063.23200000000
4071.42400000000
4079.61600000000
4087.80800000000
4096
4104.19200000000
4112.38400000000
4120.57600000000
4128.76800000000
4136.96000000000
4145.15200000000
4153.34400000000
4161.53600000000
4169.72800000000
4177.92000000000
4186.11200000000
4194.30400000000
4202.49600000000
4210.68800000000
4218.88000000000
4227.07200000000
4235.26400000000
4243.45600000000
4251.64800000000
4259.84000000000
4268.03200000000
4276.22400000000
4284.41600000000
4292.60800000000
4300.80000000000
4308.99200000000
4317.18400000000
4325.37600000000
4333.56800000000
4341.76000000000
4349.95200000000
4358.14400000000
4366.33600000000
4374.52800000000
4382.72000000000
4390.91200000000
4399.10400000000
4407.29600000000
4415.48800000000
4423.68000000000
4431.87200000000
4440.06400000000
4448.25600000000
4456.44800000000
4464.64000000000
4472.83200000000
4481.02400000000
4489.21600000000
4497.40800000000
4505.60000000000
4513.79200000000
4521.98400000000
4530.17600000000
4538.36800000000
4546.56000000000
4554.75200000000
4562.94400000000
4571.13600000000
4579.32800000000
4587.52000000000
4595.71200000000
4603.90400000000
4612.09600000000
4620.28800000000
4628.48000000000
4636.67200000000
4644.86400000000
4653.05600000000
4661.24800000000
4669.44000000000
4677.63200000000
4685.82400000000
4694.01600000000
4702.20800000000
4710.40000000000
4718.59200000000
4726.78400000000
4734.97600000000
4743.16800000000
4751.36000000000
4759.55200000000
4767.74400000000
4775.93600000000
4784.12800000000
4792.32000000000
4800.51200000000
4808.70400000000
4816.89600000000
4825.08800000000
4833.28000000000
4841.47200000000
4849.66400000000
4857.85600000000
4866.04800000000
4874.24000000000
4882.43200000000
4890.62400000000
4898.81600000000
4907.00800000000
4915.20000000000
4923.39200000000
4931.58400000000
4939.77600000000
4947.96800000000
4956.16000000000
4964.35200000000
4972.54400000000
4980.73600000000
4988.92800000000
4997.12000000000
5005.31200000000
5013.50400000000
5021.69600000000
5029.88800000000
5038.08000000000
5046.27200000000
5054.46400000000
5062.65600000000
5070.84800000000
5079.04000000000
5087.23200000000
5095.42400000000
5103.61600000000
5111.80800000000
5120
5128.19200000000
5136.38400000000
5144.57600000000
5152.76800000000
5160.96000000000
5169.15200000000
5177.34400000000
5185.53600000000
5193.72800000000
5201.92000000000
5210.11200000000
5218.30400000000
5226.49600000000
5234.68800000000
5242.88000000000
5251.07200000000
5259.26400000000
5267.45600000000
5275.64800000000
5283.84000000000
5292.03200000000
5300.22400000000
5308.41600000000
5316.60800000000
5324.80000000000
5332.99200000000
5341.18400000000
5349.37600000000
5357.56800000000
5365.76000000000
5373.95200000000
5382.14400000000
5390.33600000000
5398.52800000000
5406.72000000000
5414.91200000000
5423.10400000000
5431.29600000000
5439.48800000000
5447.68000000000
5455.87200000000
5464.06400000000
5472.25600000000
5480.44800000000
5488.64000000000
5496.83200000000
5505.02400000000
5513.21600000000
5521.40800000000
5529.60000000000
5537.79200000000
5545.98400000000
5554.17600000000
5562.36800000000
5570.56000000000
5578.75200000000
5586.94400000000
5595.13600000000
5603.32800000000
5611.52000000000
5619.71200000000
5627.90400000000
5636.09600000000
5644.28800000000
5652.48000000000
5660.67200000000
5668.86400000000
5677.05600000000
5685.24800000000
5693.44000000000
5701.63200000000
5709.82400000000
5718.01600000000
5726.20800000000
5734.40000000000
5742.59200000000
5750.78400000000
5758.97600000000
5767.16800000000
5775.36000000000
5783.55200000000
5791.74400000000
5799.93600000000
5808.12800000000
5816.32000000000
5824.51200000000
5832.70400000000
5840.89600000000
5849.08800000000
5857.28000000000
5865.47200000000
5873.66400000000
5881.85600000000
5890.04800000000
5898.24000000000
5906.43200000000
5914.62400000000
5922.81600000000
5931.00800000000
5939.20000000000
5947.39200000000
5955.58400000000
5963.77600000000
5971.96800000000
5980.16000000000
5988.35200000000
5996.54400000000
6004.73600000000
6012.92800000000
6021.12000000000
6029.31200000000
6037.50400000000
6045.69600000000
6053.88800000000
6062.08000000000
6070.27200000000
6078.46400000000
6086.65600000000
6094.84800000000
6103.04000000000
6111.23200000000
6119.42400000000
6127.61600000000
6135.80800000000
6144
6152.19200000000
6160.38400000000
6168.57600000000
6176.76800000000
6184.96000000000
6193.15200000000
6201.34400000000
6209.53600000000
6217.72800000000
6225.92000000000
6234.11200000000
6242.30400000000
6250.49600000000
6258.68800000000
6266.88000000000
6275.07200000000
6283.26400000000
6291.45600000000
6299.64800000000
6307.84000000000
6316.03200000000
6324.22400000000
6332.41600000000
6340.60800000000
6348.80000000000
6356.99200000000
6365.18400000000
6373.37600000000
6381.56800000000
6389.76000000000
6397.95200000000
6406.14400000000
6414.33600000000
6422.52800000000
6430.72000000000
6438.91200000000
6447.10400000000
6455.29600000000
6463.48800000000
6471.68000000000
6479.87200000000
6488.06400000000
6496.25600000000
6504.44800000000
6512.64000000000
6520.83200000000
6529.02400000000
6537.21600000000
6545.40800000000
6553.60000000000
6561.79200000000
6569.98400000000
6578.17600000000
6586.36800000000
6594.56000000000
6602.75200000000
6610.94400000000
6619.13600000000
6627.32800000000
6635.52000000000
6643.71200000000
6651.90400000000
6660.09600000000
6668.28800000000
6676.48000000000
6684.67200000000
6692.86400000000
6701.05600000000
6709.24800000000
6717.44000000000
6725.63200000000
6733.82400000000
6742.01600000000
6750.20800000000
6758.40000000000
6766.59200000000
6774.78400000000
6782.97600000000
6791.16800000000
6799.36000000000
6807.55200000000
6815.74400000000
6823.93600000000
6832.12800000000
6840.32000000000
6848.51200000000
6856.70400000000
6864.89600000000
6873.08800000000
6881.28000000000
6889.47200000000
6897.66400000000
6905.85600000000
6914.04800000000
6922.24000000000
6930.43200000000
6938.62400000000
6946.81600000000
6955.00800000000
6963.20000000000
6971.39200000000
6979.58400000000
6987.77600000000
6995.96800000000
7004.16000000000
7012.35200000000
7020.54400000000
7028.73600000000
7036.92800000000
7045.12000000000
7053.31200000000
7061.50400000000
7069.69600000000
7077.88800000000
7086.08000000000
7094.27200000000
7102.46400000000
7110.65600000000
7118.84800000000
7127.04000000000
7135.23200000000
7143.42400000000
7151.61600000000
7159.80800000000
7168
7176.19200000000
7184.38400000000
7192.57600000000
7200.76800000000
7208.96000000000
7217.15200000000
7225.34400000000
7233.53600000000
7241.72800000000
7249.92000000000
7258.11200000000
7266.30400000000
7274.49600000000
7282.68800000000
7290.88000000000
7299.07200000000
7307.26400000000
7315.45600000000
7323.64800000000
7331.84000000000
7340.03200000000
7348.22400000000
7356.41600000000
7364.60800000000
7372.80000000000
7380.99200000000
7389.18400000000
7397.37600000000
7405.56800000000
7413.76000000000
7421.95200000000
7430.14400000000
7438.33600000000
7446.52800000000
7454.72000000000
7462.91200000000
7471.10400000000
7479.29600000000
7487.48800000000
7495.68000000000
7503.87200000000
7512.06400000000
7520.25600000000
7528.44800000000
7536.64000000000
7544.83200000000
7553.02400000000
7561.21600000000
7569.40800000000
7577.60000000000
7585.79200000000
7593.98400000000
7602.17600000000
7610.36800000000
7618.56000000000
7626.75200000000
7634.94400000000
7643.13600000000
7651.32800000000
7659.52000000000
7667.71200000000
7675.90400000000
7684.09600000000
7692.28800000000
7700.48000000000
7708.67200000000
7716.86400000000
7725.05600000000
7733.24800000000
7741.44000000000
7749.63200000000
7757.82400000000
7766.01600000000
7774.20800000000
7782.40000000000
7790.59200000000
7798.78400000000
7806.97600000000
7815.16800000000
7823.36000000000
7831.55200000000
7839.74400000000
7847.93600000000
7856.12800000000
7864.32000000000
7872.51200000000
7880.70400000000
7888.89600000000
7897.08800000000
7905.28000000000
7913.47200000000
7921.66400000000
7929.85600000000
7938.04800000000
7946.24000000000
7954.43200000000
7962.62400000000
7970.81600000000
7979.00800000000
7987.20000000000
7995.39200000000
8003.58400000000
8011.77600000000
8019.96800000000
8028.16000000000
8036.35200000000
8044.54400000000
8052.73600000000
8060.92800000000
8069.12000000000
8077.31200000000
8085.50400000000
8093.69600000000
8101.88800000000
8110.08000000000
8118.27200000000
8126.46400000000
8134.65600000000
8142.84800000000
8151.04000000000
8159.23200000000
8167.42400000000
8175.61600000000
8183.80800000000
8192
8200.19200000000
8208.38400000000
8216.57600000000
8224.76800000000
8232.96000000000
8241.15200000000
8249.34400000000
8257.53600000000
8265.72800000000
8273.92000000000
8282.11200000000
8290.30400000000
8298.49600000000
8306.68800000000
8314.88000000000
8323.07200000000
8331.26400000000
8339.45600000000
8347.64800000000
8355.84000000000
8364.03200000000
8372.22400000000
8380.41600000000
