16	11	28	26	35	40	33
9	11	33	36	24	47	31
11	15	22	20	31	55	25
15	19	34	42	24	48	36
28	11	30	35	34	60	23
11	15	38	39	28	48	33
17	12	24	29	27	45	26
16	559	9360	10061	11481	46180	25259
12	473	50617	133286	136717	431311	196879
12	307	31954	74044	56244	138870	55008
12	271	23424	43817	26702	61320	23339
11	222	18448	27687	14216	30519	11422
14	187	14687	17381	7169	15088	5585
12	176	12047	11408	4142	7972	2906
10	149	10131	7869	2378	4517	1503
17	152	8588	5493	1441	2589	947
9	130	7363	4048	918	1611	565
10	107	6473	3099	612	1012	349
14	120	5735	2407	432	673	235
10	120	4981	1821	344	523	172
17	87	4501	1602	246	362	135
13	98	4166	1288	206	290	122
19	84	3769	1049	163	261	82
17	98	3404	996	128	188	93
7	82	3139	757	109	148	58
14	59	2920	681	110	156	72
16	93	2668	613	93	140	45
14	77	2394	527	98	118	51
12	63	2324	476	77	102	55
5	59	2201	575	199	504	252
17	68	2224	665	340	945	435
15	61	2044	657	363	1006	436
14	50	1931	707	370	960	401
9	56	1859	614	344	873	392
11	57	1762	618	288	793	338
9	55	1738	588	290	766	304
12	58	1592	585	270	730	362
13	54	1568	550	271	649	315
14	39	1509	511	272	594	269
13	39	1435	457	233	621	271
13	48	1438	410	228	532	269
12	60	1347	405	240	536	232
14	54	1253	398	172	440	174
16	38	1238	370	172	489	200
16	53	1153	372	180	464	198
8	40	1134	347	184	403	170
12	39	1083	305	155	397	177
12	32	1065	290	136	371	184
13	61	1053	290	151	390	167
11	40	961	280	147	385	176
11	42	944	266	152	390	157
17	31	927	260	146	393	149
13	33	898	259	142	325	165
12	44	924	231	113	309	146
11	38	824	236	106	307	148
13	38	800	240	123	292	153
10	44	766	207	114	308	129
14	38	764	191	129	282	135
18	38	748	193	119	279	135
8	40	747	193	108	280	133
12	32	752	204	128	242	114
20	45	741	184	112	244	114
12	45	730	188	107	256	112
11	37	652	164	98	249	118
16	31	619	181	104	230	111
16	36	629	132	110	218	102
17	26	639	144	91	225	107
17	32	632	178	114	212	101
9	33	596	141	103	223	100
18	38	589	152	120	261	120
12	39	558	168	93	334	134
12	31	550	172	128	322	159
11	29	536	183	127	271	145
6	28	543	154	121	286	152
10	35	545	219	99	295	134
13	37	542	179	117	249	137
17	28	547	175	88	286	110
16	27	508	158	94	272	116
12	31	497	159	112	218	123
14	25	446	156	95	265	112
14	24	500	139	108	240	110
15	36	478	145	105	258	82
10	34	415	164	80	220	97
19	31	478	136	94	212	100
16	31	452	143	99	206	107
12	20	454	120	85	215	114
8	30	390	138	95	195	99
13	30	453	116	80	223	110
19	32	407	125	73	188	108
17	26	395	127	77	197	86
6	25	365	148	98	200	79
10	22	401	123	77	170	99
6	22	386	133	87	215	83
16	32	327	113	86	183	89
16	34	346	143	71	196	106
10	22	350	108	76	190	85
8	23	362	132	94	147	81
16	30	356	95	76	162	89
14	18	343	109	73	182	86
12	29	350	102	75	174	67
19	17	352	106	70	174	109
12	29	325	109	54	148	89
19	44	335	99	69	155	72
15	19	339	89	65	162	84
9	28	322	103	64	158	73
10	31	299	107	78	145	75
19	29	333	110	58	143	74
11	26	274	97	65	144	72
12	26	299	101	85	160	69
12	26	326	91	55	162	69
19	17	304	86	60	155	63
14	22	262	88	60	166	75
17	34	266	103	60	138	86
9	27	296	86	56	157	86
12	27	252	93	49	133	79
9	22	280	81	69	149	70
6	29	243	87	70	142	63
6	13	237	98	62	149	70
11	23	256	89	69	156	88
13	28	260	96	65	142	73
15	14	254	100	57	145	60
14	18	288	93	71	149	71
20	22	234	69	75	145	62
15	25	278	67	52	138	65
7	27	236	77	49	137	66
9	21	237	82	62	145	68
14	23	245	92	57	118	68
12	24	244	84	57	127	56
12	22	234	55	65	132	61
8	21	225	75	64	136	52
16	19	242	64	58	108	59
15	23	229	74	57	128	65
15	20	208	60	65	113	79
12	16	213	69	57	134	54
11	28	207	77	58	105	63
11	27	245	70	52	115	64
11	25	196	79	54	113	71
11	18	203	83	51	107	57
6	22	192	64	60	135	43
12	18	197	80	52	107	70
18	17	208	85	51	94	60
13	19	232	70	46	120	57
10	18	182	73	55	113	53
10	18	189	62	60	106	68
10	27	180	70	42	95	46
9	19	207	71	41	98	62
20	12	204	57	45	101	72
13	25	189	79	75	114	61
12	17	192	66	41	127	51
9	29	217	70	39	105	58
14	20	195	49	39	93	47
14	27	180	77	42	113	46
6	15	166	70	61	94	41
14	23	183	68	47	82	54
12	21	192	65	41	94	61
10	15	177	61	52	91	61
10	22	169	58	50	89	55
13	22	172	43	49	94	54
14	19	163	69	56	98	68
15	17	157	57	46	88	52
13	16	165	58	44	121	49
11	23	172	57	46	94	51
12	21	162	54	48	95	55
7	22	151	59	49	97	36
13	20	161	58	44	81	55
18	13	177	76	41	80	42
15	14	158	71	41	108	43
13	16	157	61	42	83	79
10	18	160	67	53	84	59
12	22	152	61	54	82	53
13	17	148	57	33	87	68
10	27	111	58	50	106	49
16	14	139	61	44	88	47
10	28	136	51	45	84	55
13	12	159	54	34	86	45
11	13	155	50	43	101	44
10	22	170	49	40	71	55
20	22	165	47	40	102	60
10	26	156	55	42	77	48
10	19	132	53	36	83	41
13	16	168	57	55	90	41
14	21	137	65	53	92	49
10	25	150	58	47	95	55
11	26	132	56	33	75	42
8	23	122	52	39	66	49
15	17	132	41	37	95	35
14	18	121	66	31	85	43
10	16	135	47	44	84	46
8	22	141	52	49	84	40
10	20	120	56	41	78	47
15	18	141	58	43	89	50
13	13	144	50	50	80	38
12	12	130	44	41	73	51
15	16	122	58	37	80	40
10	23	134	51	39	80	48
8	17	126	54	48	81	38
9	19	147	49	50	72	43
12	21	114	46	50	76	39
12	12	110	71	35	65	45
14	20	100	55	36	91	41
9	19	139	50	39	85	35
11	26	100	42	44	95	35
11	14	124	57	32	70	36
11	20	123	50	34	72	42
15	16	109	53	44	67	46
14	23	123	47	44	88	29
18	14	130	50	38	83	47
12	22	109	43	41	60	39
9	21	109	36	46	71	43
12	8	103	52	48	77	36
13	12	136	43	29	79	39
13	23	131	58	34	73	37
13	17	105	38	41	81	46
18	18	110	50	28	65	39
17	16	107	47	34	58	36
17	16	110	47	38	67	42
15	22	106	44	32	65	40
9	17	108	41	44	87	51
10	24	115	34	28	73	42
13	18	128	64	31	58	39
10	18	110	42	36	88	41
12	16	99	53	29	84	43
9	13	108	49	29	68	41
16	17	109	44	36	69	38
7	16	106	52	39	73	43
11	12	112	46	34	66	46
14	20	124	49	42	76	41
7	17	107	55	50	65	49
14	22	102	38	35	78	40
15	13	105	48	25	67	39
21	22	97	41	38	60	46
13	14	108	60	50	65	38
8	21	100	48	41	69	36
7	17	113	48	35	61	38
11	14	87	43	29	70	44
14	16	85	38	26	85	37
10	23	104	33	27	59	49
15	18	118	54	37	70	40
17	16	91	47	42	78	39
14	18	68	40	33	86	48
15	13	102	45	40	60	47
9	16	84	41	34	72	40
7	18	93	36	30	87	44
11	16	95	39	54	78	33
10	11	85	40	34	71	41
15	17	88	45	39	56	31
10	16	96	40	43	69	38
10	12	88	47	27	51	33
8	19	89	37	36	76	38
11	25	104	37	30	62	34
15	16	104	29	48	60	39
14	18	82	40	35	60	29
12	16	102	40	26	86	39
15	18	102	37	41	67	34
8	20	82	37	29	66	47
21	17	109	38	31	74	44
12	24	80	46	33	61	41
17	12	71	43	44	72	41
9	15	79	44	24	83	41
7	16	104	39	45	71	46
13	18	81	41	36	62	33
14	19	102	36	36	66	36
17	22	94	61	38	60	37
12	17	83	39	32	58	27
16	17	113	40	35	76	36
12	15	87	49	32	67	37
14	13	82	32	33	68	39
8	11	80	44	39	49	35
7	16	81	40	40	63	55
13	18	70	42	34	73	33
10	13	79	33	34	46	48
20	20	86	40	35	52	40
14	18	73	30	33	72	33
8	10	93	38	43	58	38
13	11	71	41	30	60	40
15	16	80	33	25	55	43
7	15	84	43	30	55	40
12	22	80	43	29	63	41
19	13	87	33	35	78	38
18	24	64	32	38	68	37
9	12	67	32	35	47	39
15	18	74	37	43	50	36
11	15	80	44	37	44	31
13	14	90	38	29	67	41
15	14	86	44	42	59	41
10	26	72	31	38	66	30
17	9	69	59	33	61	45
8	17	80	43	29	54	36
7	16	90	56	26	57	35
15	18	73	50	43	55	31
10	20	80	29	35	66	27
14	18	85	37	31	69	35
12	19	61	45	38	61	32
16	15	74	52	29	74	35
12	18	72	44	32	48	40
12	15	78	22	32	50	38
9	22	71	40	40	58	38
12	10	80	37	33	63	26
8	11	58	32	30	64	40
17	13	71	43	32	72	43
15	19	72	30	37	58	26
10	22	62	30	27	55	39
13	14	54	40	39	59	47
11	18	78	39	31	59	34
11	16	77	46	35	59	35
12	14	61	28	40	75	42
16	23	74	27	44	67	45
13	16	71	34	34	51	37
14	18	48	44	36	54	41
16	20	71	41	30	60	40
10	17	63	58	40	57	27
12	10	59	38	34	58	37
14	7	61	36	34	64	31
12	19	76	46	34	52	32
11	16	64	30	28	55	36
13	17	54	34	26	71	44
14	12	77	33	21	54	24
15	16	78	34	50	58	42
16	22	71	40	19	46	41
13	11	77	43	28	43	39
8	9	64	45	30	57	34
14	14	74	32	41	69	42
10	10	60	37	31	67	32
13	12	69	36	37	56	39
12	16	69	37	28	63	35
13	9	61	39	36	58	34
13	16	59	44	26	59	33
10	20	75	31	31	52	34
10	13	64	38	37	72	31
8	11	64	36	38	55	35
17	13	65	30	36	57	39
12	14	72	44	26	56	33
8	12	73	41	40	50	39
21	16	48	42	34	56	29
18	12	81	41	29	51	44
10	17	62	26	33	60	30
15	16	59	45	37	71	27
9	24	58	36	34	49	33
11	17	66	36	34	67	41
12	13	60	46	27	55	44
12	15	71	38	28	78	36
13	12	63	43	25	55	32
16	11	64	35	23	65	34
17	12	61	43	36	72	32
10	23	66	35	25	57	52
6	19	71	29	43	50	30
11	12	44	33	31	48	31
17	14	66	33	31	66	34
15	24	67	25	28	49	32
2	14	75	36	31	70	40
9	19	57	37	25	66	34
14	19	54	44	28	59	46
12	20	59	25	35	60	33
7	13	60	37	32	56	30
9	13	66	43	27	59	35
12	17	58	47	35	57	32
11	20	52	37	28	54	40
7	11	55	30	36	51	31
13	14	59	30	35	53	45
11	15	53	38	26	63	25
14	19	55	36	30	44	29
11	9	63	38	37	63	36
14	14	69	36	35	65	35
12	22	62	28	37	64	36
12	19	50	39	33	53	45
10	13	57	40	30	60	34
10	9	62	28	32	46	38
15	9	46	35	34	63	34
14	17	47	40	34	60	25
16	22	57	34	31	77	43
11	12	52	46	34	55	38
10	15	57	31	32	72	44
10	7	44	37	37	60	45
13	24	54	40	30	61	39
15	18	53	28	31	64	31
17	17	54	32	23	60	31
13	12	54	36	33	63	37
19	12	50	26	32	65	43
10	12	53	32	27	77	20
10	16	65	46	29	53	40
9	15	70	31	33	63	34
13	15	52	43	30	63	29
16	13	58	46	26	60	31
17	12	54	39	32	56	30
9	17	69	40	36	56	34
13	7	46	33	37	55	35
5	14	62	35	29	45	35
17	15	49	38	20	60	42
17	16	65	34	26	59	28
13	6	59	33	25	57	42
18	15	38	36	38	52	37
15	12	48	27	32	62	46
21	11	55	32	28	47	42
12	15	54	38	28	45	37
5	15	54	26	36	58	43
10	16	51	41	28	61	34
20	18	44	38	26	54	30
7	10	46	35	29	55	34
8	15	51	33	31	57	42
13	9	50	40	41	55	42
12	16	44	42	35	51	41
12	14	51	21	26	43	37
15	14	50	31	31	55	27
8	12	48	35	30	60	35
4	13	51	37	28	58	32
14	14	49	26	29	64	28
15	22	48	35	29	64	27
12	15	41	40	32	47	38
10	16	51	35	33	46	25
10	17	49	37	27	51	49
13	13	42	30	33	39	43
15	17	50	41	31	54	34
14	15	44	25	26	52	23
11	6	47	30	31	44	30
8	11	50	28	31	56	36
16	11	48	29	25	68	35
18	13	47	38	38	58	42
17	21	61	35	35	43	41
16	16	33	38	24	51	33
7	14	62	27	27	64	26
18	16	52	36	35	39	40
11	18	65	44	28	43	28
14	15	61	31	30	45	35
13	14	45	33	42	49	29
16	23	60	41	32	46	35
14	18	59	38	28	56	32
16	12	47	27	33	49	42
7	14	40	35	33	56	27
14	13	40	26	34	51	38
16	20	38	30	36	51	36
15	19	46	46	38	47	39
17	17	49	32	28	60	28
16	15	44	37	26	44	31
13	16	53	41	31	45	41
9	9	54	31	24	49	38
15	13	48	34	26	46	33
10	14	54	24	31	47	40
12	14	55	39	33	46	36
14	18	41	30	35	49	44
11	16	46	37	38	51	41
15	15	57	24	31	55	42
17	19	55	37	36	55	27
13	13	57	29	27	46	37
14	14	52	29	31	60	30
11	14	55	29	25	38	40
8	8	47	34	21	45	38
8	15	46	41	32	53	27
10	18	59	37	37	51	23
11	13	27	33	28	63	33
12	15	38	36	24	70	31
15	20	59	33	31	36	38
10	16	50	37	29	52	27
12	7	64	39	27	50	28
14	24	63	38	30	53	35
9	15	53	26	30	47	35
12	19	61	32	18	53	26
14	9	49	40	36	56	35
18	19	47	28	29	43	29
10	12	46	41	35	58	43
12	15	55	37	40	41	37
16	14	56	28	32	51	37
9	15	46	34	25	49	38
9	11	48	42	34	46	16
16	14	58	30	35	53	28
16	10	46	28	36	47	28
10	16	56	45	30	56	44
13	13	46	31	30	46	37
14	13	54	29	37	53	37
7	12	47	40	28	56	31
12	17	47	30	31	49	42
13	17	62	31	33	53	32
8	11	59	36	26	42	35
13	12	43	33	25	42	32
12	10	41	35	32	53	26
13	17	37	37	16	54	30
17	11	37	43	30	44	33
11	18	54	37	33	50	30
12	17	48	32	29	51	30
11	12	50	40	18	52	34
11	14	51	27	38	60	29
17	12	36	35	25	51	28
8	19	50	28	23	55	28
21	12	41	44	42	40	38
3	11	47	39	30	44	24
19	14	50	36	32	72	29
12	19	58	34	37	50	34
12	23	45	30	24	47	37
13	22	56	34	21	45	35
17	8	59	30	23	67	42
12	14	39	38	27	51	27
12	10	52	41	21	53	35
8	14	46	32	29	33	36
9	19	51	33	32	58	40
15	13	58	41	29	50	36
15	15	39	32	26	51	34
10	16	31	29	39	45	27
17	8	49	41	41	47	32
9	19	52	33	24	59	34
13	13	41	32	27	53	37
10	11	37	42	26	49	51
9	22	36	32	30	51	36
8	12	42	38	33	62	39
16	18	44	35	28	53	35
18	14	42	31	25	45	35
13	17	44	27	30	44	27
5	8	46	26	36	62	33
13	15	39	32	31	50	30
14	9	48	35	33	47	33
13	15	38	34	30	61	44
12	15	54	27	39	51	29
14	12	45	31	29	44	34
17	15	52	31	34	52	43
13	14	50	31	24	58	40
17	13	51	42	36	44	26
14	15	48	39	31	49	35
13	16	49	32	30	53	25
11	12	41	39	20	59	26
16	22	38	26	32	50	27
6	13	36	41	38	53	36
12	12	26	31	44	49	29
12	22	50	23	31	48	30
8	13	43	40	27	37	30
15	21	34	23	23	45	31
8	11	48	29	25	44	33
12	9	55	27	33	60	34
15	11	48	35	35	44	42
7	13	36	25	33	55	32
10	17	49	31	25	42	29
18	15	48	35	25	54	38
9	11	43	42	40	52	31
14	15	47	34	29	48	38
21	13	41	32	35	48	35
13	13	43	40	38	51	37
17	12	41	40	27	51	34
9	14	51	32	29	51	28
15	9	45	24	34	32	35
13	8	44	33	27	53	26
8	11	50	33	23	55	35
14	17	51	35	17	57	27
11	14	29	37	38	48	37
9	18	47	35	30	57	31
8	5	35	29	35	54	24
14	14	47	33	25	49	35
11	16	45	35	37	59	31
17	14	42	28	35	53	34
13	14	52	26	27	57	29
10	16	40	25	24	52	28
10	16	36	43	25	38	33
12	26	44	30	26	60	30
22	11	33	41	28	42	35
17	13	38	24	36	39	30
18	14	44	41	36	49	33
11	19	55	34	32	35	23
13	10	41	29	31	49	26
12	13	29	33	37	46	30
8	17	47	33	31	40	25
10	15	30	30	33	51	24
14	14	43	40	30	55	29
14	19	47	41	38	51	32
13	9	41	36	28	56	35
8	11	44	34	38	55	36
16	14	34	37	25	53	35
12	18	37	32	31	43	39
18	13	40	30	31	53	37
11	14	44	37	28	52	39
11	15	41	30	33	52	29
16	14	37	31	20	50	35
7	14	50	27	37	55	36
20	20	43	38	33	52	38
9	11	40	21	30	47	31
9	18	40	34	37	54	27
6	17	37	35	32	53	39
18	13	35	27	25	56	41
16	16	44	34	22	44	27
14	19	42	38	29	49	39
15	16	37	28	26	49	40
14	16	38	34	19	53	29
13	17	39	33	31	57	28
10	8	40	22	31	62	32
13	16	45	36	34	46	30
18	15	44	31	28	49	35
8	23	53	32	33	46	25
18	15	28	41	24	53	34
11	7	34	39	27	47	32
14	14	45	21	43	56	35
9	19	39	27	31	44	24
11	22	41	32	20	47	26
23	15	38	45	24	58	27
12	11	41	47	31	56	34
9	8	39	26	30	45	35
21	16	46	31	18	40	34
12	11	32	27	31	60	36
12	13	44	30	32	49	27
19	11	31	44	27	49	28
11	13	40	29	36	49	23
14	14	37	38	29	47	34
12	15	40	25	29	59	33
13	11	35	34	27	51	23
15	17	34	36	19	53	31
14	12	48	32	35	55	29
10	10	39	36	34	61	30
13	14	38	36	43	54	33
9	20	53	27	23	36	42
15	11	45	31	40	50	34
12	16	34	30	23	39	27
10	19	45	30	36	48	26
20	15	40	35	27	49	30
17	13	27	28	23	55	36
10	10	40	29	18	60	39
19	14	40	29	38	45	28
19	13	28	30	28	61	22
10	16	40	28	33	56	26
15	10	37	29	31	53	28
10	19	32	38	28	47	35
10	17	33	21	21	50	37
13	9	48	37	27	38	30
9	16	35	30	26	48	14
12	21	36	34	32	39	35
12	9	33	24	20	60	44
8	17	37	30	34	41	37
19	7	32	35	38	53	38
15	16	34	40	21	50	31
7	10	39	33	20	40	24
9	11	35	34	35	42	40
12	18	47	34	35	56	29
17	19	43	26	29	56	35
13	14	45	35	34	48	21
10	20	35	19	26	50	26
13	9	34	25	35	47	28
5	14	47	35	37	53	23
17	17	45	29	24	48	40
6	15	38	19	24	35	33
10	12	43	30	34	54	27
18	18	30	31	25	53	25
12	23	33	32	27	53	38
11	18	32	33	38	50	32
15	25	25	25	30	53	29
15	18	40	23	22	48	28
10	12	50	35	34	49	40
16	8	30	37	33	43	27
14	17	41	30	26	48	35
16	16	41	42	25	49	33
12	21	56	36	33	54	43
12	18	38	43	25	58	32
11	4	47	30	32	56	37
7	14	40	45	29	59	30
17	11	38	21	31	52	37
14	12	26	24	21	47	29
14	8	41	40	27	54	29
7	10	33	27	50	40	38
8	14	34	32	38	50	29
13	20	38	25	31	53	26
11	10	41	39	42	61	38
20	11	44	33	26	39	39
11	7	34	21	31	48	26
10	9	43	32	36	53	29
16	11	41	24	32	43	28
18	10	51	36	27	38	37
13	12	22	31	34	42	30
12	15	38	31	26	52	32
16	21	40	29	23	61	29
11	13	40	42	38	49	23
7	16	33	40	31	53	29
7	11	36	34	35	55	33
10	13	45	27	22	61	43
7	7	42	35	32	50	37
20	14	29	19	33	59	33
5	15	47	27	23	48	25
13	14	36	25	23	48	26
11	13	42	34	37	60	33
13	12	34	39	34	38	31
16	10	38	29	30	42	37
12	12	29	31	27	51	31
9	12	35	41	35	41	32
8	11	42	35	26	52	45
19	12	44	32	28	45	34
19	11	31	37	27	42	26
12	22	45	33	27	53	28
12	18	31	40	30	53	31
18	15	35	26	34	54	27
11	11	38	30	27	62	24
10	15	47	24	28	40	28
10	12	31	34	24	54	22
6	15	38	26	23	47	32
10	18	36	34	20	68	32
12	19	40	33	21	49	37
9	16	31	32	23	63	40
12	9	33	33	28	46	26
11	13	37	42	34	58	31
9	12	50	37	27	43	31
10	14	40	34	27	53	30
21	4	45	32	30	39	24
15	15	59	45	28	44	30
5	9	40	28	26	53	41
10	14	32	34	38	35	29
9	12	33	28	30	40	29
17	14	35	28	34	46	28
13	13	28	34	27	56	27
9	11	34	28	29	52	37
14	14	29	34	31	47	39
12	23	31	33	25	46	28
17	17	40	38	41	46	29
11	16	27	29	27	54	21
12	14	38	27	36	52	31
14	18	42	32	25	50	31
11	11	45	29	25	53	30
16	22	35	29	21	47	40
6	14	23	21	20	44	31
12	13	39	36	34	49	32
9	15	39	25	29	50	25
14	27	37	32	23	48	28
7	10	40	32	24	44	38
14	14	35	48	29	50	21
16	15	34	30	26	43	36
19	19	22	31	30	41	44
16	10	25	33	34	47	31
12	20	39	28	31	49	29
11	13	32	35	26	50	27
15	13	24	36	31	50	29
11	15	32	25	25	35	30
14	23	33	37	23	43	34
16	17	33	38	28	50	26
15	20	32	21	35	37	43
16	12	29	28	35	47	34
18	9	29	24	30	52	34
10	10	34	27	38	55	29
9	13	46	32	31	51	36
12	20	41	28	30	50	31
10	11	27	32	28	54	26
8	15	38	31	26	43	31
13	14	32	27	23	41	23
15	10	28	29	28	48	27
14	14	32	27	28	51	43
10	15	44	27	28	52	32
17	12	45	29	26	47	37
10	13	30	38	16	46	30
10	14	40	42	28	37	28
9	7	28	38	33	43	25
13	13	37	24	26	73	37
13	9	48	37	34	40	31
10	12	34	31	30	48	27
7	8	33	35	25	57	39
9	11	34	23	25	52	35
9	18	38	32	26	59	30
15	6	29	31	42	40	24
19	20	28	24	32	46	33
12	13	32	33	21	49	32
10	17	25	28	26	37	30
12	14	39	42	36	41	36
13	7	31	32	40	42	38
7	15	28	19	36	50	28
15	8	28	40	31	42	44
9	14	34	28	25	52	35
17	14	37	34	29	46	30
7	15	34	39	25	51	40
16	16	31	27	31	37	35
12	12	34	43	33	46	33
13	11	40	29	21	51	33
10	9	30	35	28	46	34
8	17	39	28	40	51	26
9	11	38	44	42	58	30
9	12	29	30	23	45	39
8	18	29	36	21	49	30
11	9	35	29	23	60	25
13	12	30	36	27	51	26
10	5	28	30	33	51	43
15	15	25	27	23	44	30
12	13	45	23	26	48	34
15	11	33	27	23	43	40
12	17	45	30	33	41	39
13	9	41	37	34	38	40
11	19	43	36	38	50	27
10	14	37	32	37	41	41
12	9	34	34	37	42	28
17	17	37	32	19	52	30
11	21	37	45	35	51	32
12	13	26	30	34	53	35
13	13	35	30	27	34	37
13	14	33	27	29	60	24
7	14	30	29	30	51	25
12	9	41	29	28	46	35
7	14	40	29	33	50	27
16	19	33	37	28	46	28
17	14	39	24	28	50	35
17	12	49	36	28	53	30
9	14	34	34	30	42	32
12	17	43	26	27	52	28
11	15	41	31	28	32	29
12	12	43	32	26	50	30
13	16	39	42	36	47	35
11	16	29	26	28	32	37
14	16	39	37	29	63	36
8	8	39	48	32	66	25
9	9	34	36	22	49	30
11	17	43	26	34	57	41
17	20	45	44	26	45	27
16	14	53	35	28	57	32
8	11	35	34	20	54	32
12	14	34	35	19	52	29
15	13	38	25	23	52	37
4	12	31	27	23	49	26
13	17	28	27	20	47	28
17	14	30	32	34	54	30
10	15	50	34	24	44	35
11	13	32	33	25	52	32
9	14	31	35	25	53	30
12	11	33	34	31	50	29
15	11	38	39	34	64	38
14	10	32	30	32	46	40
12	16	34	36	25	44	34
15	16	38	31	27	51	41
15	16	46	35	31	50	38
16	21	36	29	27	51	29
10	16	38	40	35	49	28
10	18	31	28	35	28	35
8	13	24	30	27	41	34
5	11	31	30	24	62	34
17	11	33	30	39	49	42
17	13	38	24	42	41	33
10	18	32	36	26	56	24
10	13	30	33	26	41	34
12	12	35	41	32	44	27
15	7	29	28	26	49	29
14	11	38	31	38	52	12
14	18	28	34	24	47	39
18	11	37	35	30	54	36
13	16	32	26	27	41	29
20	16	27	26	31	41	37
14	19	30	34	27	59	34
12	11	31	22	40	35	31
17	11	32	37	29	53	30
17	11	25	19	25	51	22
14	16	34	32	34	40	41
10	17	32	37	25	41	37
13	14	34	33	29	47	34
14	17	40	33	21	37	22
10	13	35	37	47	37	30
14	12	32	25	30	62	23
14	19	35	38	34	51	25
16	16	44	38	28	47	33
14	23	43	27	26	48	32
12	12	26	21	25	54	30
14	11	21	23	31	54	28
18	12	28	22	38	51	26
15	21	42	40	33	50	35
7	12	42	31	34	49	32
10	10	28	37	34	77	23
17	10	35	23	34	54	32
11	19	30	29	33	51	21
14	18	26	31	27	46	20
11	22	18	36	20	56	34
10	16	39	30	26	49	41
8	19	28	23	21	63	33
8	13	28	33	34	54	30
15	14	32	24	34	61	37
11	17	36	38	26	63	33
9	15	37	28	21	43	34
16	13	34	37	31	53	26
9	9	32	26	26	47	30
11	10	41	32	26	52	37
10	5	35	38	22	50	32
12	15	33	25	26	52	45
12	12	31	34	31	29	26
13	9	33	29	18	53	29
9	16	32	28	19	58	24
9	11	38	28	26	44	35
12	10	36	28	28	50	50
15	11	33	33	28	59	34
13	17	37	28	27	55	28
15	17	33	22	26	47	30
14	11	34	23	22	40	31
13	19	33	28	35	61	28
10	13	41	31	29	47	38
16	10	41	35	35	47	26
12	8	33	42	31	52	37
12	11	38	32	28	57	30
7	13	30	34	37	65	35
13	14	31	33	33	46	38
15	8	32	25	20	37	39
10	11	34	29	29	43	33
15	21	29	27	32	51	38
9	14	42	36	30	47	34
14	15	32	26	23	41	23
10	17	38	47	27	53	38
9	20	26	34	30	55	27
14	17	28	30	24	45	40
10	12	38	26	36	42	33
17	11	29	31	35	45	39
11	7	36	23	26	58	38
6	14	38	31	20	50	32
12	16	39	22	29	59	34
9	18	38	26	27	50	33
14	14	29	28	30	48	29
13	15	49	25	41	55	28
9	13	37	21	30	67	33
12	12	36	24	31	53	29
10	19	24	27	26	37	31
11	13	24	36	34	50	31
10	14	38	32	21	52	30
14	18	42	46	25	52	34
8	11	30	29	34	49	37
10	12	35	25	30	51	28
10	9	45	23	30	54	26
15	17	38	31	31	52	42
12	8	47	44	34	49	35
13	8	26	40	19	55	32
14	9	47	35	23	54	44
13	16	39	27	38	51	31
12	11	41	31	26	35	36
11	7	31	43	36	37	40
11	9	30	24	30	52	30
11	10	34	30	45	34	35
5	12	34	33	31	59	26
13	7	50	29	29	54	32
12	19	32	35	30	45	34
12	13	37	31	34	60	30
7	14	32	34	26	49	35
12	8	31	36	38	43	36
13	14	30	26	36	46	32
11	18	20	24	29	42	23
12	10	31	25	23	60	36
15	23	30	36	31	46	34
10	9	34	23	27	53	33
14	17	25	28	39	44	35
12	19	33	35	29	50	32
11	14	35	31	28	60	33
8	14	29	39	26	58	30
15	13	39	22	24	49	32
12	10	25	28	37	49	34
14	10	32	27	33	47	37
16	9	41	26	23	40	23
8	15	32	28	36	42	31
9	23	26	34	24	41	23
11	16	31	34	29	50	31
24	9	40	42	24	44	33
13	8	30	26	28	48	43
11	15	35	30	31	35	28
18	8	38	35	21	44	39
13	16	26	45	31	48	30
15	15	31	33	40	40	28
7	19	43	25	40	46	37
14	12	32	30	21	53	28
13	15	47	32	36	50	25
18	13	35	20	33	38	31
8	18	30	27	24	52	30
10	14	33	34	32	48	22
11	12	28	36	33	59	31
17	11	27	17	29	53	30
14	11	30	29	39	46	25
13	17	22	28	32	54	39
15	12	36	28	39	46	32
15	20	38	35	28	40	30
9	14	30	25	30	40	32
9	11	41	33	35	55	35
10	15	41	28	30	51	27
6	8	36	31	31	45	33
12	9	34	41	33	49	15
14	9	21	33	36	58	20
15	15	32	30	31	34	26
10	13	34	36	37	53	32
15	15	34	19	24	45	28
10	12	38	30	34	55	31
15	14	31	27	25	54	34
13	10	26	25	17	52	40
15	22	39	28	32	45	33
12	16	29	33	24	43	33
9	14	27	35	36	45	30
13	18	39	35	18	49	29
13	16	33	37	27	52	32
15	11	35	35	26	52	41
13	13	35	31	21	47	27
16	14	27	33	25	35	42
9	9	30	30	40	48	32
12	10	31	35	26	51	34
17	4	36	37	34	41	31
11	10	21	35	33	43	34
9	6	21	16	9	25	17
0	0	0	0	0	0	0
0	0	0	0	0	0	0
0	0	0	0	0	0	0
0	0	0	0	0	0	0
0	0	0	0	0	0	0
0	0	0	0	0	0	0
0	0	0	0	0	0	0
0	0	0	0	0	0	0
0	0	0	0	0	0	0
0	0	0	0	0	0	0
0	0	0	0	0	0	0
0	0	0	0	0	0	0
0	0	0	0	0	0	0
0	0	0	0	0	0	0
0	0	0	0	0	0	0
0	0	0	0	0	0	0
0	0	0	0	0	0	0
0	0	0	0	0	0	0
0	0	0	0	0	0	0
0	0	0	0	0	0	0
0	0	0	0	0	0	0
0	0	0	0	0	0	0
0	0	0	0	0	0	0
0	0	0	0	0	0	0
0	0	0	0	0	0	0
0	0	0	0	0	0	0
0	0	0	0	0	0	0
0	0	0	0	0	0	0
0	0	0	0	0	0	0
0	0	0	0	0	0	0
0	0	0	0	0	0	0
0	0	0	0	0	0	0
0	0	0	0	0	0	0
0	0	0	0	0	0	0
0	0	0	0	0	0	0
0	0	0	0	0	0	0
0	0	0	0	0	0	0
0	0	0	0	0	0	0
0	0	0	0	0	0	0
0	0	0	0	0	0	0
0	0	0	0	0	0	0
0	0	0	0	0	0	0
0	0	0	0	0	0	0
0	0	0	0	0	0	0
0	0	0	0	0	0	0
0	0	0	0	0	0	0
0	0	0	0	0	0	0

