0	0	0	0	18,7373755942341	5,88049438118371	0,0643662312498075
0	0	0	0	4,84228355431605	16,5916093278409	0,509978601440777
0	0	0	0	-23,5796591485501	-22,4721037090249	-0,574344832690576
0	0	0	0	-85,5798429777227	27,3589525537779	-6,94660172642139
0	0	0	0	205,012126436507	1290,07734260781	2207,11030044203
0	0	0	0	850,916373083837	2438,15786738592	3879,16791670034
0	0	0	0	1156,99997571613	2841,33328238092	4242,66652183792
0	0	0	0	1173,99999999295	2874,33333331854	4133,66666662461
0	0	0	0	1131,00000000000	2544,33333333333	3958,66666666665
0	0	0	0	1109	2411,33333333333	3584,66666666666
0	0	0	0	1037	2238,33333333333	3271,66666666666
0	0	0	0	987	2070,33333333333	2967,66666666666
0	0	0	0	937	1889,33333333333	2637,66666666667
0	0	0	0	845	1665,33333333333	2480,66666666667
0	0	0	0	805	1565,33333333333	2256,66666666667
0	0	0	0	683	1406,33333333333	2139,66666666667
0	0	0	0	689	1406,33333333333	2081,66666666667
0	0	0	0	634	1320,33333333333	1909,66666666667
0	0	0	0	587	1280,33333333333	1814,66666666667
0	0	0	0	596	1211,33333333333	1710,66666666667
0	0	0	0	563	1182,33333333333	1656,66666666667
0	0	0	0	508	1084,33333333333	1621,66666666667
0	0	0	0	522	1015,33333333333	1507,66666666667
0	0	0	0	549	1053,33333333333	1457,66666666667
0	0	0	0	531	952,333333333334	1500,66666666667
0	0	0	0	486	1017,33333333333	1432,66666666667
0	0	0	0	463	914,333333333334	1263,66666666667
0	0	0	0	466	816,333333333334	1423,66666666667
0	0	0	0	469	863,333333333334	1324,66666666667
0	0	0	0	447	916,333333333334	1244,66666666667
0	0	0	0	402	827,333333333334	1205,66666666667
0	0	0	0	440	828,333333333334	1105,66666666667
0	0	0	0	434	914,333333333334	1234,66666666667
0	0	0	0	370	849,333333333334	1100,66666666667
0	0	0	0	378	827,333333333334	1099,66666666667
0	0	0	0	366	757,333333333334	1171,66666666667
0	0	0	0	398	807,333333333334	1184,66666666667
0	0	0	0	449	813,333333333334	1188,66666666667
0	0	0	0	374	734,333333333334	1139,66666666667
0	0	0	0	374	746,333333333334	1083,66666666667
0	0	0	0	351	788,333333333334	1133,66666666667
0	0	0	0	369	801,333333333334	1108,66666666667
0	0	0	0	366	755,333333333334	1044,66666666667
0	0	0	0	364	747,333333333334	1054,66666666667
0	0	0	0	377	741,333333333334	1089,66666666667
0	0	0	0	448	694,333333333334	1028,66666666667
0	0	0	0	348	686,333333333334	1085,66666666667
0	0	0	0	376	760,333333333334	979,666666666666
0	0	0	0	408	748,333333333334	1019,66666666667
0	0	0	0	391	766,333333333334	1050,66666666667
0	0	0	0	389	728,333333333334	978,666666666666
0	0	0	0	374	675,333333333334	1048,66666666667
0	0	0	0	414	697,333333333334	1062,66666666667
0	0	0	0	347	745,333333333334	948,666666666666
0	0	0	0	351	756,333333333334	1078,66666666667
0	0	0	0	355	632,333333333334	1122,66666666667
0	0	0	0	359	724,333333333334	949,666666666666
0	0	0	0	328	632,333333333333	993,666666666666
0	0	0	0	333	640,333333333333	992,666666666666
0	0	0	0	355	651,333333333334	959,666666666666
0	0	0	0	339	752,333333333334	998,666666666666
0	0	0	0	327	698,333333333334	1051,66666666667
0	0	0	0	313	689,333333333334	1006,66666666667
0	0	0	0	324	632,333333333333	972,666666666666
0	0	0	0	347	646,333333333333	949,666666666666
0	0	0	0	336	672,333333333334	966,666666666666
0	0	0	0	323	661,333333333334	962,666666666666
0	0	0	0	323	686,333333333334	981,666666666666
0	0	0	0	355	640,333333333333	1029,66666666667
0	0	0	0	344	608,333333333333	972,666666666666
0	0	0	0	369	672,333333333334	1015,66666666667
0	0	0	0	322	639,333333333334	928,666666666666
0	0	0	0	321	655,333333333333	967,666666666666
0	0	0	0	344	687,333333333334	952,666666666666
0	0	0	0	317	610,333333333333	870,666666666666
0	0	0	0	334	652,333333333334	934,666666666666
0	0	0	0	288	707,333333333334	1037,66666666667
0	0	0	0	390	633,333333333333	986,666666666666
0	0	0	0	314	673,333333333334	932,666666666666
0	0	0	0	336	702,333333333334	911,666666666666
0	0	0	0	365	639,333333333334	825,666666666666
0	0	0	0	357	614,333333333333	902,666666666666
0	0	0	0	326	586,333333333333	1006,66666666667
0	0	0	0	293	625,333333333333	905,666666666666
0	0	0	0	312	657,333333333333	869,666666666666
0	0	0	0	370	677,333333333334	1018,66666666667
0	0	0	0	303	639,333333333333	924,666666666666
0	0	0	0	327	637,333333333333	962,666666666666
0	0	0	0	317	641,333333333333	873,666666666666
0	0	0	0	357	615,333333333333	976,666666666666
0	0	0	0	306	635,333333333333	860,666666666666
0	0	0	0	351	720,333333333334	930,666666666666
0	0	0	0	369	571,333333333333	842,666666666666
0	0	0	0	324	637,333333333333	976,666666666666
0	0	0	0	333	681,333333333334	1040,66666666667
0	0	0	0	325	576,333333333333	876,666666666666
0	0	0	0	316	610,333333333333	923,666666666666
0	0	0	0	293	637,333333333334	976,666666666666
0	0	0	0	323	553,333333333333	968,666666666666
0	0	0	0	328	578,333333333333	928,666666666666
0	0	0	0	266	666,333333333334	940,666666666666
0	0	0	0	295	651,333333333334	947,666666666666
0	0	0	0	299	549,333333333333	971,666666666666
0	0	0	0	305	629,333333333333	883,666666666666
0	0	0	0	349	707,333333333334	830,666666666666
0	0	0	0	350	665,333333333334	879,666666666666
0	0	0	0	357	567,333333333333	864,666666666666
0	0	0	0	342	584,333333333333	833,666666666666
0	0	0	0	294	586,333333333333	930,666666666666
0	0	0	0	300	629,333333333333	932,666666666666
0	0	0	0	300	623,333333333334	897,666666666666
0	0	0	0	344	563,333333333333	911,666666666666
0	0	0	0	330	702,333333333334	859,666666666666
0	0	0	0	298	627,333333333334	899,666666666666
0	0	0	0	325	621,333333333334	913,666666666666
0	0	0	0	295	662,333333333334	932,666666666666
0	0	0	0	359	630,333333333334	880,666666666666
0	0	0	0	302	556,333333333333	825,666666666666
0	0	0	0	308	555,333333333333	953,666666666666
0	0	0	0	309	568,333333333333	882,666666666666
0	0	0	0	350	621,333333333333	890,666666666666
0	0	0	0	378	649,333333333334	900,666666666666
0	0	0	0	320	602,333333333333	966,666666666666
0	0	0	0	252	578,333333333333	943,666666666666
0	0	0	0	308	574,333333333333	947,666666666666
0	0	0	0	338	667,333333333334	865,666666666666
0	0	0	0	350	632,333333333333	902,666666666666
0	0	0	0	257	624,333333333333	885,666666666666
0	0	0	0	332	609,333333333333	905,666666666666
0	0	0	0	355	565,333333333333	819,666666666666
0	0	0	0	279	621,333333333333	837,666666666666
0	0	0	0	372	596,333333333333	934,666666666666
0	0	0	0	301	627,333333333334	865,666666666666
0	0	0	0	304	651,333333333334	782,666666666666
0	0	0	0	299	589,333333333333	871,666666666666
0	0	0	0	348	658,333333333334	866,666666666666
0	0	0	0	314	605,333333333333	872,666666666666
0	0	0	0	337	561,333333333333	907,666666666666
0	0	0	0	258	596,333333333333	842,666666666666
0	0	0	0	392	598,333333333333	838,666666666666
0	0	0	0	303	650,333333333334	924,666666666666
0	0	0	0	285	625,333333333333	812,666666666666
0	0	0	0	371	645,333333333333	916,666666666666
0	0	0	0	321	600,333333333333	876,666666666666
0	0	0	0	324	570,333333333333	825,666666666666
0	0	0	0	288	602,333333333333	860,666666666666
0	0	0	0	342	525,333333333333	838,666666666666
0	0	0	0	375	600,333333333333	860,666666666666
0	0	0	0	268	646,333333333333	860,666666666666
0	0	0	0	308	566,333333333333	836,666666666666
0	0	0	0	285	550,333333333333	866,666666666666
0	0	0	0	322	639,333333333334	904,666666666666
0	0	0	0	256	594,333333333333	828,666666666666
0	0	0	0	367	625,333333333333	813,666666666666
0	0	0	0	324	618,333333333333	902,666666666666
0	0	0	0	305	563,333333333333	847,666666666666
0	0	0	0	291	505,333333333333	922,666666666666
0	0	0	0	267	570,333333333333	922,666666666666
0	0	0	0	288	551,333333333333	963,666666666666
0	0	0	0	330	562,333333333333	796,666666666666
0	0	0	0	342	687,333333333334	837,666666666666
0	0	0	0	350	608,333333333334	889,666666666666
0	0	0	0	308	600,333333333333	865,666666666666
0	0	0	0	317	583,333333333333	820,666666666666
0	0	0	0	323	573,333333333333	842,666666666666
0	0	0	0	320	640,333333333333	921,666666666666
0	0	0	0	293	522,333333333333	845,666666666666
0	0	0	0	312	586,333333333333	854,666666666666
0	0	0	0	338	521,333333333333	830,666666666666
0	0	0	0	268	542,333333333333	834,666666666666
0	0	0	0	316	582,333333333333	771,666666666666
0	0	0	0	284	617,333333333333	820,666666666666
0	0	0	0	282	654,333333333334	837,666666666666
0	0	0	0	291	523,333333333333	868,666666666666
0	0	0	0	291	596,333333333333	750,666666666666
0	0	0	0	270	580,333333333333	840,666666666666
0	0	0	0	347	554,333333333333	839,666666666666
0	0	0	0	293	588,333333333333	956,666666666666
0	0	0	0	343	566,333333333333	878,666666666666
0	0	0	0	266	597,333333333333	919,666666666666
0	0	0	0	329	565,333333333333	787,666666666666
0	0	0	0	348	578,333333333333	832,666666666666
0	0	0	0	297	621,333333333333	845,666666666666
0	0	0	0	308	564,333333333333	901,666666666666
0	0	0	0	276	476,333333333333	774,666666666666
0	0	0	0	289	555,333333333333	782,666666666666
0	0	0	0	267	592,333333333333	946,666666666666
0	0	0	0	344	649,333333333333	828,666666666666
0	0	0	0	330	496,333333333333	846,666666666666
0	0	0	0	345	604,333333333333	916,666666666666
0	0	0	0	309	498,333333333333	812,666666666666
0	0	0	0	310	559,333333333333	766,666666666666
0	0	0	0	269	582,333333333333	839,666666666666
0	0	0	0	221	587,333333333333	827,666666666666
0	0	0	0	256	603,333333333333	812,666666666666
0	0	0	0	255	600,333333333333	751,666666666666
0	0	0	0	292	521,333333333333	741,666666666666
0	0	0	0	293	587,333333333333	834,666666666666
0	0	0	0	321	514,333333333333	746,666666666666
0	0	0	0	300	558,333333333333	839,666666666666
0	0	0	0	309	517,333333333333	848,666666666666
0	0	0	0	312	539,333333333333	840,666666666666
0	0	0	0	242	563,333333333333	859,666666666666
0	0	0	0	319	536,333333333333	843,666666666666
0	0	0	0	256	548,333333333333	790,666666666666
0	0	0	0	301	529,333333333333	738,666666666666
0	0	0	0	291	481,333333333333	770,666666666666
0	0	0	0	311	591,333333333333	791,666666666666
0	0	0	0	279	588,333333333333	850,666666666666
0	0	0	0	286	549,333333333333	802,666666666666
0	0	0	0	258	562,333333333333	814,666666666666
0	0	0	0	282	503,333333333333	786,666666666666
0	0	0	0	256	630,333333333333	727,666666666666
0	0	0	0	247	530,333333333333	838,666666666666
0	0	0	0	243	635,333333333333	803,666666666666
0	0	0	0	253	589,333333333333	794,666666666666
0	0	0	0	254	558,333333333333	777,666666666666
0	0	0	0	296	470,333333333333	735,666666666666
0	0	0	0	248	536,333333333333	688,666666666667
0	0	0	0	292	561,333333333333	756,666666666666
0	0	0	0	297	528,333333333333	846,666666666666
0	0	0	0	310	541,333333333333	805,666666666666
0	0	0	0	246	521,333333333333	752,666666666666
0	0	0	0	279	513,333333333333	826,666666666666
0	0	0	0	257	549,333333333333	788,666666666666
0	0	0	0	287	588,333333333333	820,666666666666
0	0	0	0	288	539,333333333333	799,666666666666
0	0	0	0	271	561,333333333333	748,666666666666
0	0	0	0	258	496,333333333333	738,666666666666
0	0	0	0	280	506,333333333333	821,666666666666
0	0	0	0	278	526,333333333333	799,666666666666
0	0	0	0	250	507,333333333333	775,666666666666
0	0	0	0	308	491,333333333333	713,666666666666
0	0	0	0	240	535,333333333333	747,666666666666
0	0	0	0	222	490,333333333333	719,666666666666
0	0	0	0	267	555,333333333333	849,666666666666
0	0	0	0	240	455,333333333333	695,666666666666
0	0	0	0	272	513,333333333333	735,666666666666
0	0	0	0	298	528,333333333333	830,666666666666
0	0	0	0	226	524,333333333333	776,666666666666
0	0	0	0	258	549,333333333333	753,666666666666
0	0	0	0	273	527,333333333333	750,666666666666
0	0	0	0	251	589,333333333333	736,666666666666
0	0	0	0	299	522,333333333333	708,666666666666
0	0	0	0	313	529,333333333333	824,666666666666
0	0	0	0	275	516,333333333333	801,666666666666
0	0	0	0	214	539,333333333333	773,666666666666
0	0	0	0	284	522,333333333333	639,666666666667
0	0	0	0	277	555,333333333333	728,666666666666
0	0	0	0	242	473,333333333333	672,666666666667
0	0	0	0	285	520,333333333333	770,666666666666
0	0	0	0	224	569,333333333333	683,666666666666
0	0	0	0	265	526,333333333333	725,666666666666
0	0	0	0	229	526,333333333333	688,666666666666
0	0	0	0	200	519,333333333333	718,666666666666
0	0	0	0	272	520,333333333333	691,666666666667
0	0	0	0	313	454,333333333333	674,666666666667
0	0	0	0	315	447,333333333333	729,666666666666
0	0	0	0	290	447,333333333333	650,666666666667
0	0	0	0	273	569,333333333333	729,666666666666
0	0	0	0	225	466,333333333333	733,666666666666
0	0	0	0	235	590,333333333333	737,666666666666
0	0	0	0	260	511,333333333333	773,666666666666
0	0	0	0	233	598,333333333333	622,666666666667
0	0	0	0	307	497,333333333333	687,666666666667
0	0	0	0	320	518,333333333333	741,666666666666
0	0	0	0	249	507,333333333333	726,666666666666
0	0	0	0	284	449,333333333333	730,666666666666
0	0	0	0	231	469,333333333333	750,666666666666
0	0	0	0	309	489,333333333333	665,666666666666
0	0	0	0	278	466,333333333333	757,666666666666
0	0	0	0	269	446,333333333333	703,666666666666
0	0	0	0	254	512,333333333333	784,666666666666
0	0	0	0	242	522,333333333333	728,666666666666
0	0	0	0	211	544,333333333333	697,666666666666
0	0	0	0	236	511,333333333333	682,666666666666
0	0	0	0	251	458,333333333333	731,666666666667
0	0	0	0	307	453,333333333333	811,666666666666
0	0	0	0	293	529,333333333333	659,666666666667
0	0	0	0	286	474,333333333333	714,666666666666
0	0	0	0	257	462,333333333333	727,666666666666
0	0	0	0	298	554,333333333333	704,666666666666
0	0	0	0	268	445,333333333333	752,666666666666
0	0	0	0	241	525,333333333333	761,666666666666
0	0	0	0	249	466,333333333333	642,666666666667
0	0	0	0	251	486,333333333333	650,666666666667
0	0	0	0	268	505,333333333333	639,666666666667
0	0	0	0	275	502,333333333333	676,666666666666
0	0	0	0	282	462,333333333333	663,666666666666
0	0	0	0	261	431,333333333333	641,666666666667
0	0	0	0	215	468,333333333333	632,666666666667
0	0	0	0	290	440,333333333333	688,666666666666
0	0	0	0	190	479,333333333333	696,666666666667
0	0	0	0	249	413,333333333333	724,666666666666
0	0	0	0	267	439,333333333333	761,666666666666
0	0	0	0	258	456,333333333333	729,666666666666
0	0	0	0	250	447,333333333333	810,666666666666
0	0	0	0	249	498,333333333333	716,666666666666
0	0	0	0	260	433,333333333333	761,666666666666
0	0	0	0	235	511,333333333333	684,666666666666
0	0	0	0	242	425,333333333333	703,666666666666
0	0	0	0	263	585,333333333333	663,666666666666
0	0	0	0	285	506,333333333333	675,666666666667
0	0	0	0	257	429,333333333333	722,666666666666
0	0	0	0	260	490,333333333333	629,666666666667
0	0	0	0	210	496,333333333333	701,666666666666
0	0	0	0	229	373,333333333333	697,666666666666
0	0	0	0	267	513,333333333333	649,666666666666
0	0	0	0	264	456,333333333333	681,666666666666
0	0	0	0	295	432,333333333333	696,666666666667
0	0	0	0	215	448,333333333333	785,666666666666
0	0	0	0	268	465,333333333333	661,666666666667
0	0	0	0	182	425,333333333333	692,666666666666
0	0	0	0	251	454,333333333333	674,666666666667
0	0	0	0	222	477,333333333333	665,666666666667
0	0	0	0	254	518,333333333333	557,666666666667
0	0	0	0	194	439,333333333333	700,666666666667
0	0	0	0	231	451,333333333333	688,666666666667
0	0	0	0	245	456,333333333333	779,666666666666
0	0	0	0	253	498,333333333333	679,666666666666
0	0	0	0	252	453,333333333333	687,666666666666
0	0	0	0	255	389,333333333333	704,666666666666
0	0	0	0	208	506,333333333333	636,666666666667
0	0	0	0	223	427,333333333333	705,666666666667
0	0	0	0	254	441,333333333333	611,666666666667
0	0	0	0	324	464,333333333333	607,666666666667
0	0	0	0	240	496,333333333333	644,666666666666
0	0	0	0	269	388,333333333333	699,666666666666
0	0	0	0	265	436,333333333333	628,666666666667
0	0	0	0	287	403,333333333333	658,666666666666
0	0	0	0	229	456,333333333333	730,666666666666
0	0	0	0	268	454,333333333333	723,666666666666
0	0	0	0	263	448,333333333333	579,666666666667
0	0	0	0	270	494,333333333333	675,666666666666
0	0	0	0	196	447,333333333333	598,666666666667
0	0	0	0	199	469,333333333333	623,666666666667
0	0	0	0	276	486,333333333333	609,666666666667
0	0	0	0	255	375,333333333333	686,666666666666
0	0	0	0	242	468,333333333333	647,666666666666
0	0	0	0	247	387,333333333333	662,666666666667
0	0	0	0	208	456,333333333333	621,666666666667
0	0	0	0	155	491,333333333333	530,666666666667
0	0	0	0	219	399,333333333333	582,666666666667
0	0	0	0	184	454,333333333333	601,666666666667
0	0	0	0	240	384,333333333333	677,666666666666
0	0	0	0	227	398,333333333333	642,666666666667
0	0	0	0	227	374,333333333333	659,666666666667
0	0	0	0	242	410,333333333333	621,666666666667
0	0	0	0	234	389,333333333333	587,666666666667
0	0	0	0	230	390,333333333333	625,666666666667
0	0	0	0	266	471,333333333333	663,666666666667
0	0	0	0	209	431,333333333333	650,666666666667
0	0	0	0	251	417,333333333333	622,666666666667
0	0	0	0	214	445,333333333333	596,666666666667
0	0	0	0	280	425,333333333333	635,666666666667
0	0	0	0	201	406,333333333333	608,666666666667
0	0	0	0	220	411,333333333333	555,666666666667
0	0	0	0	232	464,333333333333	673,666666666666
0	0	0	0	240	451,333333333333	652,666666666667
0	0	0	0	217	496,333333333333	599,666666666667
0	0	0	0	280	447,333333333333	543,666666666667
0	0	0	0	203	380,333333333333	604,666666666667
0	0	0	0	240	481,333333333333	626,666666666667
0	0	0	0	258	391,333333333333	634,666666666667
0	0	0	0	234	404,333333333333	692,666666666666
0	0	0	0	192	360,333333333333	662,666666666667
0	0	0	0	217	422,333333333333	643,666666666667
0	0	0	0	167	431,333333333333	558,666666666667
0	0	0	0	239	377,333333333333	634,666666666667
0	0	0	0	253	353,333333333333	618,666666666667
0	0	0	0	169	403,333333333333	575,666666666667
0	0	0	0	212	358,333333333333	623,666666666667
0	0	0	0	236	388,333333333333	602,666666666667
0	0	0	0	247	400,333333333333	628,666666666667
0	0	0	0	269	388,333333333333	608,666666666667
0	0	0	0	222	436,333333333333	612,666666666667
0	0	0	0	204	379,333333333333	584,666666666667
0	0	0	0	215	378,333333333333	550,666666666667
0	0	0	0	243	411,333333333333	562,666666666667
0	0	0	0	238	395,333333333333	551,666666666667
0	0	0	0	201	411,333333333333	609,666666666667
0	0	0	0	193	358,333333333333	562,666666666667
0	0	0	0	193	390,333333333333	588,666666666667
0	0	0	0	215	366,333333333333	594,666666666667
0	0	0	0	175	379,333333333333	556,666666666667
0	0	0	0	207	324,333333333333	612,666666666667
0	0	0	0	221	452,333333333333	627,666666666667
0	0	0	0	202	413,333333333333	596,666666666667
0	0	0	0	213	368,333333333333	527,666666666667
0	0	0	0	200	298,333333333333	632,666666666667
0	0	0	0	206	399,333333333333	592,666666666667
0	0	0	0	186	390,333333333333	562,666666666667
0	0	0	0	210	379,333333333333	537,666666666667
0	0	0	0	236	426,333333333333	592,666666666667
0	0	0	0	188	329,333333333333	543,666666666667
0	0	0	0	183	410,333333333333	491,666666666667
0	0	0	0	145	410,333333333333	574,666666666667
0	0	0	0	209	418,333333333333	654,666666666667
0	0	0	0	171	347,333333333333	486,666666666667
0	0	0	0	167	368,333333333333	568,666666666667
0	0	0	0	202	370,333333333333	574,666666666667
0	0	0	0	184	431,333333333333	506,666666666667
0	0	0	0	231	405,333333333333	508,666666666667
0	0	0	0	242	415,333333333333	528,666666666667
0	0	0	0	164	354,333333333333	600,666666666667
0	0	0	0	209	359,333333333333	528,666666666667
0	0	0	0	180	358,333333333333	543,666666666667
0	0	0	0	176	382,333333333333	529,666666666667
0	0	0	0	212	341,333333333333	571,666666666667
0	0	0	0	180	423,333333333333	586,666666666667
0	0	0	0	171	409,333333333333	608,666666666667
0	0	0	0	229	360,333333333333	495,666666666667
0	0	0	0	216	428,333333333333	498,666666666667
0	0	0	0	246	378,333333333333	562,666666666667
0	0	0	0	172	369,333333333333	589,666666666667
0	0	0	0	211	367,333333333333	474,666666666667
0	0	0	0	196	439,333333333333	556,666666666667
0	0	0	0	152	320,333333333333	575,666666666667
0	0	0	0	174	414,333333333333	572,666666666667
0	0	0	0	203	460,333333333333	596,666666666667
0	0	0	0	150	377,333333333333	551,666666666667
0	0	0	0	214	362,333333333333	562,666666666667
0	0	0	0	155	392,333333333333	502,666666666667
0	0	0	0	180	418,333333333333	492,666666666667
0	0	0	0	208	388,333333333333	554,666666666667
0	0	0	0	192	298,333333333333	606,666666666667
0	0	0	0	175	354,333333333333	560,666666666667
0	0	0	0	131	362,333333333333	593,666666666667
0	0	0	0	192	369,333333333333	436,666666666667
0	0	0	0	206	373,333333333333	550,666666666667
0	0	0	0	210	312,333333333333	490,666666666667
0	0	0	0	218	371,333333333333	454,666666666667
0	0	0	0	166	297,333333333333	458,666666666667
0	0	0	0	219	398,333333333333	502,666666666667
0	0	0	0	212	324,333333333333	542,666666666667
0	0	0	0	208	368,333333333333	551,666666666667
0	0	0	0	195	404,333333333333	540,666666666667
0	0	0	0	222	317,333333333333	565,666666666667
0	0	0	0	208	343,333333333333	516,666666666667
0	0	0	0	145	338,333333333333	509,666666666667
0	0	0	0	183	388,333333333333	511,666666666667
0	0	0	0	162	406,333333333333	552,666666666667
0	0	0	0	164	284,333333333333	518,666666666667
0	0	0	0	205	290,333333333333	491,666666666667
0	0	0	0	144	335,333333333333	465,666666666667
0	0	0	0	216	303,333333333333	470,666666666667
0	0	0	0	152	278,333333333333	498,666666666667
0	0	0	0	147	353,333333333333	533,666666666667
0	0	0	0	184	328,333333333333	524,666666666667
0	0	0	0	162	381,333333333333	486,666666666667
0	0	0	0	189	324,333333333333	522,666666666667
0	0	0	0	199	287,333333333333	498,666666666667
0	0	0	0	167	306,333333333333	505,666666666667
0	0	0	0	191	318,333333333333	420,666666666667
0	0	0	0	180	300,333333333333	494,666666666667
0	0	0	0	219	349,333333333333	579,666666666667
0	0	0	0	185	364,333333333333	485,666666666667
0	0	0	0	149	340,333333333333	522,666666666667
0	0	0	0	200	332,333333333333	543,666666666667
0	0	0	0	203	306,333333333333	498,666666666667
0	0	0	0	212	313,333333333333	378,666666666667
0	0	0	0	173	330,333333333333	538,666666666667
0	0	0	0	176	349,333333333333	432,666666666667
0	0	0	0	128	289,333333333333	482,666666666667
0	0	0	0	214	319,333333333333	501,666666666667
0	0	0	0	204	320,333333333333	457,666666666667
0	0	0	0	200	344,333333333333	482,666666666667
0	0	0	0	199	231,333333333333	552,666666666667
0	0	0	0	232	379,333333333333	529,666666666667
0	0	0	0	174	293,333333333333	526,666666666667
0	0	0	0	194	346,333333333333	464,666666666667
0	0	0	0	191	303,333333333333	512,666666666667
0	0	0	0	174	252,333333333334	503,666666666667
0	0	0	0	153	311,333333333333	490,666666666667
0	0	0	0	181	295,333333333333	474,666666666667
0	0	0	0	222	335,333333333333	400,666666666667
0	0	0	0	144	352,333333333333	385,666666666667
0	0	0	0	136	312,333333333333	452,666666666667
0	0	0	0	217	304,333333333333	446,666666666667
0	0	0	0	214	279,333333333334	485,666666666667
0	0	0	0	188	370,333333333333	485,666666666667
0	0	0	0	202	277,333333333333	428,666666666667
0	0	0	0	146	250,333333333334	381,666666666667
0	0	0	0	144	281,333333333333	489,666666666667
0	0	0	0	128	310,333333333333	482,666666666667
0	0	0	0	168	294,333333333333	365,666666666667
0	0	0	0	185	308,333333333333	463,666666666667
0	0	0	0	141	311,333333333333	442,666666666667
0	0	0	0	138	304,333333333333	410,666666666667
0	0	0	0	127	323,333333333333	409,666666666667
0	0	0	0	155	325,333333333333	501,666666666667
0	0	0	0	124	327,333333333333	473,666666666667
0	0	0	0	131	315,333333333333	394,666666666667
0	0	0	0	124	347,333333333333	449,666666666667
0	0	0	0	233	238,333333333333	470,666666666667
0	0	0	0	159	349,333333333333	518,666666666667
0	0	0	0	139	253,333333333334	447,666666666667
0	0	0	0	145	277,333333333333	505,666666666667
0	0	0	0	156	290,333333333333	417,666666666667
0	0	0	0	170	289,333333333333	434,666666666667
0	0	0	0	157	368,333333333333	432,666666666667
0	0	0	0	124	243,333333333333	484,666666666667
0	0	0	0	118	289,333333333333	484,666666666667
0	0	0	0	165	302,333333333333	439,666666666667
0	0	0	0	168	293,333333333333	391,666666666667
0	0	0	0	214	333,333333333333	463,666666666667
0	0	0	0	121	258,333333333334	494,666666666667
0	0	0	0	99	266,333333333334	430,666666666667
0	0	0	0	136	306,333333333333	494,666666666667
0	0	0	0	152	274,333333333334	458,666666666667
0	0	0	0	117	285,333333333334	478,666666666667
0	0	0	0	157	265,333333333334	424,666666666667
0	0	0	0	173	283,333333333334	427,666666666667
0	0	0	0	165	323,333333333333	373,666666666667
0	0	0	0	140	312,333333333333	400,666666666667
0	0	0	0	190	272,333333333334	446,666666666667
0	0	0	0	181	282,333333333333	482,666666666667
0	0	0	0	177	285,333333333333	457,666666666667
0	0	0	0	147	277,333333333333	420,666666666667
0	0	0	0	185	343,333333333333	374,666666666667
0	0	0	0	144	287,333333333333	403,666666666667
0	0	0	0	219	302,333333333333	361,666666666667
0	0	0	0	176	267,333333333334	424,666666666667
0	0	0	0	125	260,333333333333	493,666666666667
0	0	0	0	132	369,333333333333	368,666666666667
0	0	0	0	128	278,333333333333	420,666666666667
0	0	0	0	163	349,333333333333	431,666666666667
0	0	0	0	147	261,333333333334	391,666666666667
0	0	0	0	184	328,333333333333	402,666666666667
0	0	0	0	142	313,333333333333	322,666666666667
0	0	0	0	183	308,333333333333	371,666666666667
0	0	0	0	172	282,333333333333	476,666666666667
0	0	0	0	183	291,333333333333	456,666666666667
0	0	0	0	123	227,333333333334	397,666666666667
0	0	0	0	158	266,333333333334	371,666666666667
0	0	0	0	146	322,333333333333	408,666666666667
0	0	0	0	177	298,333333333333	382,666666666667
0	0	0	0	157	279,333333333334	358,666666666667
0	0	0	0	129	287,333333333333	365,666666666667
0	0	0	0	144	211,333333333333	443,666666666667
0	0	0	0	169	233,333333333333	351,666666666667
0	0	0	0	131	263,333333333334	428,666666666667
0	0	0	0	147	212,333333333333	478,666666666667
0	0	0	0	143	301,333333333333	386,666666666667
0	0	0	0	153	213,333333333334	390,666666666667
0	0	0	0	110	265,333333333333	367,666666666667
0	0	0	0	130	284,333333333333	478,666666666667
0	0	0	0	134	272,333333333334	393,666666666667
0	0	0	0	104	224,333333333333	339,666666666667
0	0	0	0	142	271,333333333334	417,666666666667
0	0	0	0	120	304,333333333333	406,666666666667
0	0	0	0	159	225,333333333333	344,666666666667
0	0	0	0	112	210,333333333333	311,666666666667
0	0	0	0	96	274,333333333334	460,666666666667
0	0	0	0	143	255,333333333334	348,666666666667
0	0	0	0	148	235,333333333333	348,666666666667
0	0	0	0	129	282,333333333333	457,666666666667
0	0	0	0	148	207,333333333333	343,666666666667
0	0	0	0	106	233,333333333333	369,666666666667
0	0	0	0	138	212,333333333333	274,666666666667
0	0	0	0	100	198,333333333333	410,666666666667
0	0	0	0	147	193,333333333333	420,666666666667
0	0	0	0	101	249,333333333333	425,666666666667
0	0	0	0	147	260,333333333334	338,666666666667
0	0	0	0	142	239,333333333334	449,666666666667
0	0	0	0	109	202,333333333333	351,666666666667
0	0	0	0	149	194,333333333333	348,666666666667
0	0	0	0	106	300,333333333333	335,666666666667
0	0	0	0	106	182,333333333333	355,666666666667
0	0	0	0	154	212,333333333334	374,666666666667
0	0	0	0	109	259,333333333334	279,666666666667
0	0	0	0	148	217,333333333333	341,666666666667
0	0	0	0	164	292,333333333333	424,666666666667
0	0	0	0	73	273,333333333334	362,666666666667
0	0	0	0	144	282,333333333333	299,666666666667
0	0	0	0	169	199,333333333333	398,666666666667
0	0	0	0	128	266,333333333334	404,666666666667
0	0	0	0	140	238,333333333333	355,666666666667
0	0	0	0	125	202,333333333333	322,666666666667
0	0	0	0	144	207,333333333333	368,666666666667
0	0	0	0	101	255,333333333333	334,666666666667
0	0	0	0	81	265,333333333334	303,666666666667
0	0	0	0	89	257,333333333333	311,666666666667
0	0	0	0	107	272,333333333334	277,666666666667
0	0	0	0	154	218,333333333333	332,666666666667
0	0	0	0	111	200,333333333333	371,666666666667
0	0	0	0	105	257,333333333334	373,666666666667
0	0	0	0	98	320,333333333333	394,666666666667
0	0	0	0	147	170,333333333333	323,666666666667
0	0	0	0	149	186,333333333333	343,666666666667
0	0	0	0	114	259,333333333333	345,666666666667
0	0	0	0	85	221,333333333333	333,666666666667
0	0	0	0	129	212,333333333333	332,666666666667
0	0	0	0	115	228,333333333333	360,666666666667
0	0	0	0	129	237,333333333333	395,666666666667
0	0	0	0	82	250,333333333333	299,666666666667
0	0	0	0	163	173,333333333333	295,666666666667
0	0	0	0	152	222,333333333334	324,666666666667
0	0	0	0	122	216,333333333333	218,666666666667
0	0	0	0	129	260,333333333334	372,666666666667
0	0	0	0	106	269,333333333333	338,666666666667
0	0	0	0	73	278,333333333333	338,666666666667
0	0	0	0	106	196,333333333333	326,666666666667
0	0	0	0	150	291,333333333333	301,666666666667
0	0	0	0	113	234,333333333334	289,666666666667
0	0	0	0	129	141,333333333333	347,666666666667
0	0	0	0	90	223,333333333333	299,666666666667
0	0	0	0	114	169,333333333333	396,666666666667
0	0	0	0	144	207,333333333333	327,666666666667
0	0	0	0	185	202,333333333333	226,666666666666
0	0	0	0	109	182,333333333333	347,666666666667
0	0	0	0	101	208,333333333333	337,666666666667
0	0	0	0	128	269,333333333333	336,666666666667
0	0	0	0	135	115,333333333333	321,666666666667
0	0	0	0	146	276,333333333333	228,666666666667
0	0	0	0	129	231,333333333334	333,666666666667
0	0	0	0	101	224,333333333333	295,666666666667
0	0	0	0	79	160,333333333333	323,666666666667
0	0	0	0	97	113,333333333333	352,666666666667
0	0	0	0	108	173,333333333333	248,666666666666
0	0	0	0	128	193,333333333333	282,666666666667
0	0	0	0	107	168,333333333333	338,666666666667
0	0	0	0	128	162,333333333333	245,666666666667
0	0	0	0	47	205,333333333333	351,666666666667
0	0	0	0	125	160,333333333333	321,666666666667
0	0	0	0	70	257,333333333334	298,666666666667
0	0	0	0	122	142,333333333333	341,666666666667
0	0	0	0	105	214,333333333333	340,666666666667
0	0	0	0	89	183,333333333333	336,666666666667
0	0	0	0	122	214,333333333334	293,666666666667
0	0	0	0	133	210,333333333333	305,666666666667
0	0	0	0	159	220,333333333333	342,666666666667
0	0	0	0	110	170,333333333333	304,666666666667
0	0	0	0	91	180,333333333333	321,666666666667
0	0	0	0	86	139,333333333333	270,666666666666
0	0	0	0	64	188,333333333333	276,666666666667
0	0	0	0	106	215,333333333333	220,666666666667
0	0	0	0	141	190,333333333333	279,666666666667
0	0	0	0	98	164,333333333333	361,666666666667
0	0	0	0	118	246,333333333334	300,666666666667
0	0	0	0	130	190,333333333333	306,666666666667
0	0	0	0	96	223,333333333333	365,666666666667
0	0	0	0	104	200,333333333333	211,666666666667
0	0	0	0	104	209,333333333333	231,666666666666
0	0	0	0	76	205,333333333334	239,666666666667
0	0	0	0	127	189,333333333333	335,666666666667
0	0	0	0	68	250,333333333334	205,666666666667
0	0	0	0	90	119,333333333333	289,666666666667
0	0	0	0	70	139,333333333333	267,666666666667
0	0	0	0	59	196,333333333334	288,666666666667
0	0	0	0	60	187,333333333333	264,666666666667
0	0	0	0	69	208,333333333333	307,666666666667
0	0	0	0	67	190,333333333333	287,666666666667
0	0	0	0	102	171,333333333333	268,666666666667
0	0	0	0	64	126,333333333333	284,666666666667
0	0	0	0	154	147,333333333333	292,666666666667
0	0	0	0	96	152,333333333333	244,666666666666
0	0	0	0	109	222,333333333333	324,666666666667
0	0	0	0	88	162,333333333333	372,666666666667
0	0	0	0	27	144,333333333333	279,666666666667
0	0	0	0	107	105,333333333333	292,666666666667
0	0	0	0	85	183,333333333333	316,666666666667
0	0	0	0	100	223,333333333334	187,666666666667
0	0	0	0	106	151,333333333333	280,666666666667
0	0	0	0	87	235,333333333333	262,666666666667
0	0	0	0	114	148,333333333333	243,666666666667
0	0	0	0	85	167,333333333333	263,666666666667
0	0	0	0	118	160,333333333333	225,666666666667
0	0	0	0	133	203,333333333333	251,666666666667
0	0	0	0	78	147,333333333333	183,666666666667
0	0	0	0	123	166,333333333333	232,666666666666
0	0	0	0	100	128,333333333333	261,666666666666
0	0	0	0	77	140,333333333333	201,666666666667
0	0	0	0	43	139,333333333333	338,666666666667
0	0	0	0	107	143,333333333333	242,666666666667
0	0	0	0	68	168,333333333333	218,666666666667
0	0	0	0	107	136,333333333333	248,666666666667
0	0	0	0	93	248,333333333333	231,666666666667
0	0	0	0	94	127,333333333333	302,666666666667
0	0	0	0	87	141,333333333333	244,666666666666
0	0	0	0	55	231,333333333334	211,666666666667
0	0	0	0	82	148,333333333333	271,666666666667
0	0	0	0	86	197,333333333333	281,666666666667
0	0	0	0	61	169,333333333333	309,666666666667
0	0	0	0	80	120,333333333333	198,666666666667
0	0	0	0	123	77,3333333333331	247,666666666666
0	0	0	0	107	161,333333333333	253,666666666667
0	0	0	0	111	176,333333333333	201,666666666667
0	0	0	0	75	86,3333333333332	203,666666666666
0	0	0	0	99	197,333333333333	281,666666666667
0	0	0	0	112	163,333333333333	234,666666666667
0	0	0	0	88	126,333333333333	286,666666666667
0	0	0	0	107	165,333333333333	249,666666666667
0	0	0	0	79	80,3333333333332	261,666666666667
0	0	0	0	97	133,333333333333	208,666666666667
0	0	0	0	12	178,333333333333	228,666666666667
0	0	0	0	51	192,333333333333	304,666666666667
0	0	0	0	124	101,333333333333	237,666666666666
0	0	0	0	56	96,3333333333331	271,666666666667
0	0	0	0	94	251,333333333334	199,666666666667
0	0	0	0	142	183,333333333333	239,666666666666
0	0	0	0	49	107,333333333333	230,666666666667
0	0	0	0	116	99,3333333333331	164,666666666667
0	0	0	0	74	157,333333333333	218,666666666667
0	0	0	0	64	87,3333333333332	248,666666666666
0	0	0	0	101	98,3333333333331	271,666666666667
0	0	0	0	104	139,333333333333	289,666666666667
0	0	0	0	64	199,333333333333	221,666666666667
0	0	0	0	70	147,333333333333	233,666666666667
0	0	0	0	92	131,333333333333	191,666666666667
0	0	0	0	105	118,333333333333	141,666666666667
0	0	0	0	140	129,333333333333	182,666666666667
0	0	0	0	70	116,333333333333	255,666666666666
0	0	0	0	69	177,333333333333	245,666666666666
0	0	0	0	73	169,333333333333	172,666666666667
0	0	0	0	87	76,3333333333332	163,666666666667
0	0	0	0	83	178,333333333333	199,666666666667
0	0	0	0	42	198,333333333334	167,666666666667
0	0	0	0	49	201,333333333333	122,666666666667
0	0	0	0	48	107,333333333333	180,666666666667
0	0	0	0	68	75,3333333333332	334,666666666667
0	0	0	0	90	100,333333333333	231,666666666667
0	0	0	0	97	103,333333333333	276,666666666667
0	0	0	0	6	66,3333333333331	250,666666666667
0	0	0	0	25	111,333333333333	218,666666666667
0	0	0	0	6,00000000000000	140,333333333333	258,666666666666
0	0	0	0	43	112,333333333333	170,666666666667
0	0	0	0	93	161,333333333333	192,666666666667
0	0	0	0	79	116,333333333333	170,666666666667
0	0	0	0	46	79,3333333333332	225,666666666666
0	0	0	0	58	160,333333333333	251,666666666666
0	0	0	0	67	75,3333333333332	226,666666666667
0	0	0	0	61	104,333333333333	225,666666666666
0	0	0	0	98	92,3333333333332	209,666666666667
0	0	0	0	43	126,333333333333	95,6666666666668
0	0	0	0	98	104,333333333333	195,666666666667
0	0	0	0	53	82,3333333333332	174,666666666667
0	0	0	0	49	133,333333333333	233,666666666667
0	0	0	0	77	105,333333333333	188,666666666667
0	0	0	0	60	83,3333333333332	245,666666666667
0	0	0	0	59	105,333333333333	266,666666666667
0	0	0	0	45	147,333333333333	197,666666666667
0	0	0	0	95	61,3333333333332	214,666666666667
0	0	0	0	88	59,3333333333331	226,666666666667
0	0	0	0	82	97,3333333333332	172,666666666667
0	0	0	0	9	151,333333333333	174,666666666667
0	0	0	0	29	68,3333333333331	212,666666666666
0	0	0	0	71	103,333333333333	128,666666666667
0	0	0	0	83	65,3333333333331	229,666666666667
0	0	0	0	62	111,333333333333	168,666666666667
0	0	0	0	77	60,3333333333331	161,666666666667
0	0	0	0	66	61,3333333333332	176,666666666667
0	0	0	0	72	43,3333333333332	231,666666666667
0	0	0	0	68	51,3333333333333	137,666666666667
0	0	0	0	43	48,3333333333333	253,666666666666
0	0	0	0	10	136,333333333333	149,666666666667
0	0	0	0	94	97,3333333333332	215,666666666667
0	0	0	0	26	136,333333333333	155,666666666667
0	0	0	0	104	79,3333333333332	161,666666666667
0	0	0	0	28	106,333333333333	116,666666666667
0	0	0	0	21	129,333333333333	195,666666666666
0	0	0	0	65	98,3333333333331	179,666666666667
0	0	0	0	45	105,333333333333	179,666666666667
0	0	0	0	89	60,3333333333332	148,666666666667
0	0	0	0	25	79,3333333333332	104,666666666667
0	0	0	0	74	178,333333333333	181,666666666667
0	0	0	0	49	100,333333333333	165,666666666667
0	0	0	0	105	78,3333333333332	241,666666666666
0	0	0	0	41	63,3333333333332	139,666666666667
0	0	0	0	54	63,3333333333332	135,666666666667
0	0	0	0	56	76,3333333333331	211,666666666667
0	0	0	0	27	31,3333333333332	136,666666666667
0	0	0	0	69	68,3333333333331	180,666666666667
0	0	0	0	57	132,333333333333	138,666666666667
0	0	0	0	41	121,333333333333	176,666666666667
0	0	0	0	47	159,333333333333	150,666666666667
0	0	0	0	44	81,3333333333331	172,666666666667
0	0	0	0	79	62,3333333333332	162,666666666667
0	0	0	0	51	57,3333333333332	150,666666666667
0	0	0	0	38	53,3333333333332	158,666666666667
0	0	0	0	41	119,333333333333	131,666666666667
0	0	0	0	26	101,333333333333	139,666666666667
0	0	0	0	30	102,333333333333	138,666666666667
0	0	0	0	52	17,3333333333332	193,666666666667
0	0	0	0	21	38,3333333333333	123,666666666667
0	0	0	0	43	180,333333333333	199,666666666667
0	0	0	0	20	53,3333333333332	106,666666666667
0	0	0	0	70	76,3333333333331	157,666666666667
0	0	0	0	36	118,333333333333	127,666666666667
0	0	0	0	40	66,3333333333332	145,666666666667
0	0	0	0	33	88,3333333333331	74,6666666666669
0	0	0	0	42	65,3333333333332	114,666666666667
0	0	0	0	46	69,3333333333331	133,666666666667
0	0	0	0	37	28,3333333333333	82,6666666666668
0	0	0	0	71	148,333333333333	106,666666666667
0	0	0	0	47	4,33333333333326	92,6666666666669
0	0	0	0	30	88,3333333333332	126,666666666667
0	0	0	0	44	-6,66666666666674	95,6666666666668
0	0	0	0	33	56,3333333333332	118,666666666667
0	0	0	0	19	101,333333333333	121,666666666667
0	0	0	0	52	44,3333333333332	114,666666666667
0	0	0	0	-4,00000000000000	60,3333333333331	137,666666666667
0	0	0	0	13	87,3333333333331	127,666666666667
0	0	0	0	87	95,3333333333332	49,6666666666668
0	0	0	0	52	28,3333333333332	94,6666666666669
0	0	0	0	41	41,3333333333332	142,666666666667
0	0	0	0	30	117,333333333333	131,666666666667
0	0	0	0	57	131,333333333333	156,666666666667
0	0	0	0	21	27,3333333333333	106,666666666667
0	0	0	0	86	65,3333333333332	162,666666666667
0	0	0	0	21	77,3333333333331	171,666666666667
0	0	0	0	42	89,3333333333331	68,6666666666669
0	0	0	0	27	100,333333333333	96,6666666666669
0	0	0	0	48	13,3333333333333	80,6666666666669
0	0	0	0	-11	61,3333333333332	94,6666666666669
0	0	0	0	30	75,3333333333332	91,6666666666669
0	0	0	0	10	86,3333333333332	146,666666666667
0	0	0	0	96	100,333333333333	130,666666666667
0	0	0	0	14	95,3333333333332	114,666666666667
0	0	0	0	37	72,3333333333331	149,666666666667
0	0	0	0	80	35,3333333333333	114,666666666667
0	0	0	0	18	46,3333333333332	181,666666666667
0	0	0	0	44	81,3333333333331	83,6666666666669
0	0	0	0	-27	83,3333333333331	116,666666666667
0	0	0	0	33	56,3333333333331	113,666666666667
0	0	0	0	9	65,3333333333332	97,6666666666668
0	0	0	0	-11	94,3333333333332	110,666666666667
0	0	0	0	67	69,3333333333331	74,6666666666668
0	0	0	0	75	97,3333333333332	136,666666666667
0	0	0	0	51	60,3333333333332	100,666666666667
0	0	0	0	19	67,3333333333332	169,666666666667
0	0	0	0	34	75,3333333333332	99,6666666666669
0	0	0	0	23	101,333333333333	87,6666666666668
0	0	0	0	19	30,3333333333333	126,666666666667
0	0	0	0	-4	43,3333333333332	95,6666666666668
0	0	0	0	2	95,3333333333331	-6,33333333333326
0	0	0	0	27	84,3333333333332	145,666666666667
0	0	0	0	43	22,3333333333333	77,6666666666669
0	0	0	0	41	40,3333333333332	157,666666666667
0	0	0	0	25	-8,66666666666674	88,6666666666668
0	0	0	0	18	17,3333333333333	99,6666666666669
0	0	0	0	86	22,3333333333333	62,6666666666668
0	0	0	0	32	46,3333333333333	56,6666666666668
0	0	0	0	45	42,3333333333332	120,666666666667
0	0	0	0	40	-11,6666666666668	97,6666666666669
0	0	0	0	45	90,3333333333331	67,6666666666669
0	0	0	0	23	10,3333333333332	57,6666666666668
0	0	0	0	94	111,333333333333	107,666666666667
0	0	0	0	14	-12,6666666666667	96,6666666666669
0	0	0	0	58	60,3333333333332	110,666666666667
0	0	0	0	63	26,3333333333333	95,6666666666669
0	0	0	0	35	4,33333333333326	59,6666666666668
0	0	0	0	22	-21,6666666666668	60,6666666666668
0	0	0	0	45	90,3333333333331	63,6666666666668
0	0	0	0	43	41,3333333333333	67,6666666666669
0	0	0	0	50	5,33333333333326	108,666666666667
0	0	0	0	55	65,3333333333331	126,666666666667
0	0	0	0	38	9,33333333333326	118,666666666667
0	0	0	0	28	22,3333333333332	83,6666666666668
0	0	0	0	21	29,3333333333333	77,6666666666668
0	0	0	0	25	16,3333333333333	57,6666666666668
0	0	0	0	34	-2,66666666666674	111,666666666667
0	0	0	0	-6	-20,6666666666667	6,66666666666674
0	0	0	0	28	67,3333333333331	57,6666666666668
0	0	0	0	-48	63,3333333333332	29,6666666666668
0	0	0	0	15	45,3333333333332	95,6666666666668
0	0	0	0	28	18,3333333333332	41,6666666666669
0	0	0	0	5	-15,6666666666667	111,666666666667
0	0	0	0	36	-12,6666666666667	104,666666666667
0	0	0	0	44	-33,6666666666667	73,6666666666668
0	0	0	0	30	38,3333333333332	111,666666666667
0	0	0	0	72	30,3333333333332	31,6666666666668
0	0	0	0	-4	73,3333333333331	1,66666666666674
0	0	0	0	11	-0,666666666666741	91,6666666666669
0	0	0	0	30	8,33333333333326	60,6666666666669
0	0	0	0	26	65,3333333333332	59,6666666666668
0	0	0	0	6	34,3333333333333	36,6666666666667
0	0	0	0	-11	32,3333333333332	96,6666666666668
0	0	0	0	4	48,3333333333332	-5,33333333333326
0	0	0	0	29	-3,66666666666674	5,66666666666674
0	0	0	0	-7	11,3333333333333	84,6666666666669
0	0	0	0	-2	33,3333333333332	64,6666666666668
0	0	0	0	-17	43,3333333333332	105,666666666667
0	0	0	0	65	-37,6666666666667	67,6666666666668
0	0	0	0	10	59,3333333333332	2,66666666666675
0	0	0	0	31	-8,66666666666675	62,6666666666668
0	0	0	0	1	26,3333333333332	63,6666666666668
0	0	0	0	-10	18,3333333333333	57,6666666666668
0	0	0	0	-4	1,33333333333326	79,6666666666668
0	0	0	0	47	50,3333333333332	29,6666666666668
0	0	0	0	36	24,3333333333332	86,6666666666669
0	0	0	0	18	27,3333333333333	100,666666666667
0	0	0	0	39	17,3333333333333	84,6666666666668
0	0	0	0	9,00000000000000	16,3333333333333	52,6666666666668
0	0	0	0	26	-4,66666666666674	115,666666666667
0	0	0	0	26	-3,66666666666674	54,6666666666669
0	0	0	0	28	5,33333333333326	69,6666666666668
0	0	0	0	16	-2,66666666666674	68,6666666666669
0	0	0	0	49	7,33333333333325	23,6666666666668
0	0	0	0	11	54,3333333333332	46,6666666666668
0	0	0	0	0	-23,6666666666667	70,6666666666668
0	0	0	0	34	-12,6666666666668	31,6666666666667
0	0	0	0	-30	24,3333333333333	-4,33333333333326
0	0	0	0	-4	45,3333333333332	19,6666666666667
0	0	0	0	14	-30,6666666666668	48,6666666666668
0	0	0	0	50	10,3333333333333	52,6666666666668
0	0	0	0	10	73,3333333333332	57,6666666666669
0	0	0	0	-27	31,3333333333333	14,6666666666667
0	0	0	0	17	-10,6666666666667	2,66666666666674
0	0	0	0	13	7,33333333333326	39,6666666666668
0	0	0	0	18	-4,66666666666674	68,6666666666669
0	0	0	0	-23	-25,6666666666668	56,6666666666668
0	0	0	0	2	15,3333333333333	74,6666666666668
0	0	0	0	-4,00000000000000	-4,66666666666674	-3,33333333333326
0	0	0	0	15	25,3333333333332	73,6666666666669
0	0	0	0	23	-17,6666666666667	41,6666666666668
0	0	0	0	11	35,3333333333332	-1,33333333333326
0	0	0	0	35	-11,6666666666667	67,6666666666669
0	0	0	0	-6,00000000000000	13,3333333333333	33,6666666666668
0	0	0	0	-10	-37,6666666666668	11,6666666666667
0	0	0	0	-10	49,3333333333331	54,6666666666667
0	0	0	0	17	23,3333333333333	52,6666666666668
0	0	0	0	35	23,3333333333332	36,6666666666668
0	0	0	0	54	10,3333333333333	98,6666666666669
0	0	0	0	-6	5,33333333333326	81,6666666666669
0	0	0	0	-8	-22,6666666666667	-0,333333333333258
0	0	0	0	3,00000000000000	-4,66666666666675	34,6666666666668
0	0	0	0	-30	-47,6666666666669	63,6666666666668
0	0	0	0	-15	-35,6666666666668	14,6666666666668
0	0	0	0	23	-32,6666666666667	-10,3333333333333
0	0	0	0	-30	37,3333333333333	16,6666666666667
0	0	0	0	14	-17,6666666666667	24,6666666666668
0	0	0	0	-18	-63,6666666666669	47,6666666666669
0	0	0	0	-10	-0,666666666666737	19,6666666666667
0	0	0	0	-11	-79,6666666666669	71,6666666666668
0	0	0	0	-15	28,3333333333332	-10,3333333333333
0	0	0	0	32	-17,6666666666667	-25,3333333333332
0	0	0	0	22	-32,6666666666668	52,6666666666669
0	0	0	0	2	-74,6666666666668	107,666666666667
0	0	0	0	-22	-37,6666666666668	54,6666666666668
0	0	0	0	47	-9,66666666666675	23,6666666666668
0	0	0	0	-25	20,3333333333333	36,6666666666668
0	0	0	0	7	-19,6666666666667	-29,3333333333332
0	0	0	0	-38	-28,6666666666668	22,6666666666668
0	0	0	0	36	-9,66666666666674	-30,3333333333333
0	0	0	0	-48	-28,6666666666668	-12,3333333333333
0	0	0	0	-8	-28,6666666666667	45,6666666666668
0	0	0	0	3	-25,6666666666667	-19,3333333333333
0	0	0	0	24	20,3333333333333	4,66666666666679
0	0	0	0	-1	-38,6666666666668	26,6666666666668
0	0	0	0	-37	-48,6666666666668	3,66666666666674
0	0	0	0	-34	-13,6666666666667	1,66666666666676
0	0	0	0	-15	-51,6666666666668	-14,3333333333332
0	0	0	0	-13	-53,6666666666668	14,6666666666667
0	0	0	0	-17	-10,6666666666668	32,6666666666668
0	0	0	0	-7	-76,6666666666668	11,6666666666668
0	0	0	0	-53	16,3333333333333	-1,33333333333326
0	0	0	0	-22	-92,6666666666669	29,6666666666667
0	0	0	0	-46	2,33333333333326	38,6666666666668
0	0	0	0	26	-14,6666666666667	22,6666666666667
0	0	0	0	-26	-28,6666666666667	45,6666666666668
0	0	0	0	-9	-34,6666666666668	-66,3333333333331
0	0	0	0	30	17,3333333333333	80,6666666666669
0	0	0	0	-11	-14,6666666666667	4,66666666666675
0	0	0	0	-15	-67,6666666666669	-70,3333333333331
0	0	0	0	-79	-19,6666666666667	18,6666666666667
0	0	0	0	-2	-15,6666666666668	-18,3333333333333
0	0	0	0	4	1,33333333333326	-35,3333333333332
0	0	0	0	2,00000000000000	11,3333333333333	-48,3333333333332
0	0	0	0	-23	-56,6666666666668	-19,3333333333333
0	0	0	0	15,0000000000000	-3,66666666666674	-0,333333333333259
0	0	0	0	-59	-84,6666666666668	3,66666666666674
0	0	0	0	-11	22,3333333333333	-38,3333333333332
0	0	0	0	-40	-101,666666666667	18,6666666666667
0	0	0	0	-25	-92,6666666666668	-55,3333333333331
0	0	0	0	-26	-21,6666666666667	-41,3333333333332
0	0	0	0	-271	-449,666666666667	-588,333333333333
0	0	0	0	-613	-1073,66666666667	-1389,33333333333
0	0	0	0	-613	-1073,66666666667	-1389,33333333333
0	0	0	0	-613	-1073,66666666667	-1389,33333333333
0	0	0	0	-613	-1073,66666666667	-1389,33333333333
0	0	0	0	-613	-1073,66666666667	-1389,33333333333
0	0	0	0	-613	-1073,66666666667	-1389,33333333333
0	0	0	0	-613	-1073,66666666667	-1389,33333333333
0	0	0	0	-613	-1073,66666666667	-1389,33333333333
0	0	0	0	-613	-1073,66666666667	-1389,33333333333
0	0	0	0	-613	-1073,66666666667	-1389,33333333333
0	0	0	0	-613	-1073,66666666667	-1389,33333333333
0	0	0	0	-613	-1073,66666666667	-1389,33333333333
0	0	0	0	-613	-1073,66666666667	-1389,33333333333
0	0	0	0	-613	-1073,66666666667	-1389,33333333333
0	0	0	0	-613	-1073,66666666667	-1389,33333333333
0	0	0	0	-613	-1073,66666666667	-1389,33333333333
0	0	0	0	-613	-1073,66666666667	-1389,33333333333
0	0	0	0	-613	-1073,66666666667	-1389,33333333333
0	0	0	0	-613	-1073,66666666667	-1389,33333333333
0	0	0	0	-613	-1073,66666666667	-1389,33333333333
0	0	0	0	-613	-1073,66666666667	-1389,33333333333
0	0	0	0	-613	-1073,66666666667	-1389,33333333333
0	0	0	0	-613	-1073,66666666667	-1389,33333333333
0	0	0	0	-613	-1073,66666666667	-1389,33333333333
0	0	0	0	-613	-1073,66666666667	-1389,33333333333
0	0	0	0	-613	-1073,66666666667	-1389,33333333333
0	0	0	0	-613	-1073,66666666667	-1389,33333333333
0	0	0	0	-613	-1073,66666666667	-1389,33333333333
0	0	0	0	-613	-1073,66666666667	-1389,33333333333
0	0	0	0	-613	-1073,66666666667	-1389,33333333333
0	0	0	0	-613	-1073,66666666667	-1389,33333333333
0	0	0	0	-613	-1073,66666666667	-1389,33333333333
0	0	0	0	-613	-1073,66666666667	-1389,33333333333
0	0	0	0	-613	-1073,66666666667	-1389,33333333333
0	0	0	0	-613	-1073,66666666667	-1389,33333333333
0	0	0	0	-613	-1073,66666666667	-1389,33333333333
0	0	0	0	-613	-1073,66666666667	-1389,33333333333
0	0	0	0	-613	-1073,66666666667	-1389,33333333333
0	0	0	0	-613	-1073,66666666667	-1389,33333333333
0	0	0	0	-613	-1073,66666666667	-1389,33333333333
0	0	0	0	-613	-1073,66666666667	-1389,33333333333
0	0	0	0	-613	-1073,66666666667	-1389,33333333333
0	0	0	0	-613	-1073,66666666667	-1389,33333333333
0	0	0	0	-613	-1073,66666666667	-1389,33333333333
0	0	0	0	-613	-1073,66666666667	-1389,33333333333
0	0	0	0	-613	-1073,66666666667	-1389,33333333333
0	0	0	0	0	0	0