0
4.09600000000000
8.19200000000000
12.2880000000000
16.3840000000000
20.4800000000000
24.5760000000000
28.6720000000000
32.7680000000000
36.8640000000000
40.9600000000000
45.0560000000000
49.1520000000000
53.2480000000000
57.3440000000000
61.4400000000000
65.5360000000000
69.6320000000000
73.7280000000000
77.8240000000000
81.9200000000000
86.0160000000000
90.1120000000000
94.2080000000000
98.3040000000000
102.400000000000
106.496000000000
110.592000000000
114.688000000000
118.784000000000
122.880000000000
126.976000000000
131.072000000000
135.168000000000
139.264000000000
143.360000000000
147.456000000000
151.552000000000
155.648000000000
159.744000000000
163.840000000000
167.936000000000
172.032000000000
176.128000000000
180.224000000000
184.320000000000
188.416000000000
192.512000000000
196.608000000000
200.704000000000
204.800000000000
208.896000000000
212.992000000000
217.088000000000
221.184000000000
225.280000000000
229.376000000000
233.472000000000
237.568000000000
241.664000000000
245.760000000000
249.856000000000
253.952000000000
258.048000000000
262.144000000000
266.240000000000
270.336000000000
274.432000000000
278.528000000000
282.624000000000
286.720000000000
290.816000000000
294.912000000000
299.008000000000
303.104000000000
307.200000000000
311.296000000000
315.392000000000
319.488000000000
323.584000000000
327.680000000000
331.776000000000
335.872000000000
339.968000000000
344.064000000000
348.160000000000
352.256000000000
356.352000000000
360.448000000000
364.544000000000
368.640000000000
372.736000000000
376.832000000000
380.928000000000
385.024000000000
389.120000000000
393.216000000000
397.312000000000
401.408000000000
405.504000000000
409.600000000000
413.696000000000
417.792000000000
421.888000000000
425.984000000000
430.080000000000
434.176000000000
438.272000000000
442.368000000000
446.464000000000
450.560000000000
454.656000000000
458.752000000000
462.848000000000
466.944000000000
471.040000000000
475.136000000000
479.232000000000
483.328000000000
487.424000000000
491.520000000000
495.616000000000
499.712000000000
503.808000000000
507.904000000000
512
516.096000000000
520.192000000000
524.288000000000
528.384000000000
532.480000000000
536.576000000000
540.672000000000
544.768000000000
548.864000000000
552.960000000000
557.056000000000
561.152000000000
565.248000000000
569.344000000000
573.440000000000
577.536000000000
581.632000000000
585.728000000000
589.824000000000
593.920000000000
598.016000000000
602.112000000000
606.208000000000
610.304000000000
614.400000000000
618.496000000000
622.592000000000
626.688000000000
630.784000000000
634.880000000000
638.976000000000
643.072000000000
647.168000000000
651.264000000000
655.360000000000
659.456000000000
663.552000000000
667.648000000000
671.744000000000
675.840000000000
679.936000000000
684.032000000000
688.128000000000
692.224000000000
696.320000000000
700.416000000000
704.512000000000
708.608000000000
712.704000000000
716.800000000000
720.896000000000
724.992000000000
729.088000000000
733.184000000000
737.280000000000
741.376000000000
745.472000000000
749.568000000000
753.664000000000
757.760000000000
761.856000000000
765.952000000000
770.048000000000
774.144000000000
778.240000000000
782.336000000000
786.432000000000
790.528000000000
794.624000000000
798.720000000000
802.816000000000
806.912000000000
811.008000000000
815.104000000000
819.200000000000
823.296000000000
827.392000000000
831.488000000000
835.584000000000
839.680000000000
843.776000000000
847.872000000000
851.968000000000
856.064000000000
860.160000000000
864.256000000000
868.352000000000
872.448000000000
876.544000000000
880.640000000000
884.736000000000
888.832000000000
892.928000000000
897.024000000000
901.120000000000
905.216000000000
909.312000000000
913.408000000000
917.504000000000
921.600000000000
925.696000000000
929.792000000000
933.888000000000
937.984000000000
942.080000000000
946.176000000000
950.272000000000
954.368000000000
958.464000000000
962.560000000000
966.656000000000
970.752000000000
974.848000000000
978.944000000000
983.040000000000
987.136000000000
991.232000000000
995.328000000000
999.424000000000
1003.52000000000
1007.61600000000
1011.71200000000
1015.80800000000
1019.90400000000
1024
1028.09600000000
1032.19200000000
1036.28800000000
1040.38400000000
1044.48000000000
1048.57600000000
1052.67200000000
1056.76800000000
1060.86400000000
1064.96000000000
1069.05600000000
1073.15200000000
1077.24800000000
1081.34400000000
1085.44000000000
1089.53600000000
1093.63200000000
1097.72800000000
1101.82400000000
1105.92000000000
1110.01600000000
1114.11200000000
1118.20800000000
1122.30400000000
1126.40000000000
1130.49600000000
1134.59200000000
1138.68800000000
1142.78400000000
1146.88000000000
1150.97600000000
1155.07200000000
1159.16800000000
1163.26400000000
1167.36000000000
1171.45600000000
1175.55200000000
1179.64800000000
1183.74400000000
1187.84000000000
1191.93600000000
1196.03200000000
1200.12800000000
1204.22400000000
1208.32000000000
1212.41600000000
1216.51200000000
1220.60800000000
1224.70400000000
1228.80000000000
1232.89600000000
1236.99200000000
1241.08800000000
1245.18400000000
1249.28000000000
1253.37600000000
1257.47200000000
1261.56800000000
1265.66400000000
1269.76000000000
1273.85600000000
1277.95200000000
1282.04800000000
1286.14400000000
1290.24000000000
1294.33600000000
1298.43200000000
1302.52800000000
1306.62400000000
1310.72000000000
1314.81600000000
1318.91200000000
1323.00800000000
1327.10400000000
1331.20000000000
1335.29600000000
1339.39200000000
1343.48800000000
1347.58400000000
1351.68000000000
1355.77600000000
1359.87200000000
1363.96800000000
1368.06400000000
1372.16000000000
1376.25600000000
1380.35200000000
1384.44800000000
1388.54400000000
1392.64000000000
1396.73600000000
1400.83200000000
1404.92800000000
1409.02400000000
1413.12000000000
1417.21600000000
1421.31200000000
1425.40800000000
1429.50400000000
1433.60000000000
1437.69600000000
1441.79200000000
1445.88800000000
1449.98400000000
1454.08000000000
1458.17600000000
1462.27200000000
1466.36800000000
1470.46400000000
1474.56000000000
1478.65600000000
1482.75200000000
1486.84800000000
1490.94400000000
1495.04000000000
1499.13600000000
1503.23200000000
1507.32800000000
1511.42400000000
1515.52000000000
1519.61600000000
1523.71200000000
1527.80800000000
1531.90400000000
1536
1540.09600000000
1544.19200000000
1548.28800000000
1552.38400000000
1556.48000000000
1560.57600000000
1564.67200000000
1568.76800000000
1572.86400000000
1576.96000000000
1581.05600000000
1585.15200000000
1589.24800000000
1593.34400000000
1597.44000000000
1601.53600000000
1605.63200000000
1609.72800000000
1613.82400000000
1617.92000000000
1622.01600000000
1626.11200000000
1630.20800000000
1634.30400000000
1638.40000000000
1642.49600000000
1646.59200000000
1650.68800000000
1654.78400000000
1658.88000000000
1662.97600000000
1667.07200000000
1671.16800000000
1675.26400000000
1679.36000000000
1683.45600000000
1687.55200000000
1691.64800000000
1695.74400000000
1699.84000000000
1703.93600000000
1708.03200000000
1712.12800000000
1716.22400000000
1720.32000000000
1724.41600000000
1728.51200000000
1732.60800000000
1736.70400000000
1740.80000000000
1744.89600000000
1748.99200000000
1753.08800000000
1757.18400000000
1761.28000000000
1765.37600000000
1769.47200000000
1773.56800000000
1777.66400000000
1781.76000000000
1785.85600000000
1789.95200000000
1794.04800000000
1798.14400000000
1802.24000000000
1806.33600000000
1810.43200000000
1814.52800000000
1818.62400000000
1822.72000000000
1826.81600000000
1830.91200000000
1835.00800000000
1839.10400000000
1843.20000000000
1847.29600000000
1851.39200000000
1855.48800000000
1859.58400000000
1863.68000000000
1867.77600000000
1871.87200000000
1875.96800000000
1880.06400000000
1884.16000000000
1888.25600000000
1892.35200000000
1896.44800000000
1900.54400000000
1904.64000000000
1908.73600000000
1912.83200000000
1916.92800000000
1921.02400000000
1925.12000000000
1929.21600000000
1933.31200000000
1937.40800000000
1941.50400000000
1945.60000000000
1949.69600000000
1953.79200000000
1957.88800000000
1961.98400000000
1966.08000000000
1970.17600000000
1974.27200000000
1978.36800000000
1982.46400000000
1986.56000000000
1990.65600000000
1994.75200000000
1998.84800000000
2002.94400000000
2007.04000000000
2011.13600000000
2015.23200000000
2019.32800000000
2023.42400000000
2027.52000000000
2031.61600000000
2035.71200000000
2039.80800000000
2043.90400000000
2048
2052.09600000000
2056.19200000000
2060.28800000000
2064.38400000000
2068.48000000000
2072.57600000000
2076.67200000000
2080.76800000000
2084.86400000000
2088.96000000000
2093.05600000000
2097.15200000000
2101.24800000000
2105.34400000000
2109.44000000000
2113.53600000000
2117.63200000000
2121.72800000000
2125.82400000000
2129.92000000000
2134.01600000000
2138.11200000000
2142.20800000000
2146.30400000000
2150.40000000000
2154.49600000000
2158.59200000000
2162.68800000000
2166.78400000000
2170.88000000000
2174.97600000000
2179.07200000000
2183.16800000000
2187.26400000000
2191.36000000000
2195.45600000000
2199.55200000000
2203.64800000000
2207.74400000000
2211.84000000000
2215.93600000000
2220.03200000000
2224.12800000000
2228.22400000000
2232.32000000000
2236.41600000000
2240.51200000000
2244.60800000000
2248.70400000000
2252.80000000000
2256.89600000000
2260.99200000000
2265.08800000000
2269.18400000000
2273.28000000000
2277.37600000000
2281.47200000000
2285.56800000000
2289.66400000000
2293.76000000000
2297.85600000000
2301.95200000000
2306.04800000000
2310.14400000000
2314.24000000000
2318.33600000000
2322.43200000000
2326.52800000000
2330.62400000000
2334.72000000000
2338.81600000000
2342.91200000000
2347.00800000000
2351.10400000000
2355.20000000000
2359.29600000000
2363.39200000000
2367.48800000000
2371.58400000000
2375.68000000000
2379.77600000000
2383.87200000000
2387.96800000000
2392.06400000000
2396.16000000000
2400.25600000000
2404.35200000000
2408.44800000000
2412.54400000000
2416.64000000000
2420.73600000000
2424.83200000000
2428.92800000000
2433.02400000000
2437.12000000000
2441.21600000000
2445.31200000000
2449.40800000000
2453.50400000000
2457.60000000000
2461.69600000000
2465.79200000000
2469.88800000000
2473.98400000000
2478.08000000000
2482.17600000000
2486.27200000000
2490.36800000000
2494.46400000000
2498.56000000000
2502.65600000000
2506.75200000000
2510.84800000000
2514.94400000000
2519.04000000000
2523.13600000000
2527.23200000000
2531.32800000000
2535.42400000000
2539.52000000000
2543.61600000000
2547.71200000000
2551.80800000000
2555.90400000000
2560
2564.09600000000
2568.19200000000
2572.28800000000
2576.38400000000
2580.48000000000
2584.57600000000
2588.67200000000
2592.76800000000
2596.86400000000
2600.96000000000
2605.05600000000
2609.15200000000
2613.24800000000
2617.34400000000
2621.44000000000
2625.53600000000
2629.63200000000
2633.72800000000
2637.82400000000
2641.92000000000
2646.01600000000
2650.11200000000
2654.20800000000
2658.30400000000
2662.40000000000
2666.49600000000
2670.59200000000
2674.68800000000
2678.78400000000
2682.88000000000
2686.97600000000
2691.07200000000
2695.16800000000
2699.26400000000
2703.36000000000
2707.45600000000
2711.55200000000
2715.64800000000
2719.74400000000
2723.84000000000
2727.93600000000
2732.03200000000
2736.12800000000
2740.22400000000
2744.32000000000
2748.41600000000
2752.51200000000
2756.60800000000
2760.70400000000
2764.80000000000
2768.89600000000
2772.99200000000
2777.08800000000
2781.18400000000
2785.28000000000
2789.37600000000
2793.47200000000
2797.56800000000
2801.66400000000
2805.76000000000
2809.85600000000
2813.95200000000
2818.04800000000
2822.14400000000
2826.24000000000
2830.33600000000
2834.43200000000
2838.52800000000
2842.62400000000
2846.72000000000
2850.81600000000
2854.91200000000
2859.00800000000
2863.10400000000
2867.20000000000
2871.29600000000
2875.39200000000
2879.48800000000
2883.58400000000
2887.68000000000
2891.77600000000
2895.87200000000
2899.96800000000
2904.06400000000
2908.16000000000
2912.25600000000
2916.35200000000
2920.44800000000
2924.54400000000
2928.64000000000
2932.73600000000
2936.83200000000
2940.92800000000
2945.02400000000
2949.12000000000
2953.21600000000
2957.31200000000
2961.40800000000
2965.50400000000
2969.60000000000
2973.69600000000
2977.79200000000
2981.88800000000
2985.98400000000
2990.08000000000
2994.17600000000
2998.27200000000
3002.36800000000
3006.46400000000
3010.56000000000
3014.65600000000
3018.75200000000
3022.84800000000
3026.94400000000
3031.04000000000
3035.13600000000
3039.23200000000
3043.32800000000
3047.42400000000
3051.52000000000
3055.61600000000
3059.71200000000
3063.80800000000
3067.90400000000
3072
3076.09600000000
3080.19200000000
3084.28800000000
3088.38400000000
3092.48000000000
3096.57600000000
3100.67200000000
3104.76800000000
3108.86400000000
3112.96000000000
3117.05600000000
3121.15200000000
3125.24800000000
3129.34400000000
3133.44000000000
3137.53600000000
3141.63200000000
3145.72800000000
3149.82400000000
3153.92000000000
3158.01600000000
3162.11200000000
3166.20800000000
3170.30400000000
3174.40000000000
3178.49600000000
3182.59200000000
3186.68800000000
3190.78400000000
3194.88000000000
3198.97600000000
3203.07200000000
3207.16800000000
3211.26400000000
3215.36000000000
3219.45600000000
3223.55200000000
3227.64800000000
3231.74400000000
3235.84000000000
3239.93600000000
3244.03200000000
3248.12800000000
3252.22400000000
3256.32000000000
3260.41600000000
3264.51200000000
3268.60800000000
3272.70400000000
3276.80000000000
3280.89600000000
3284.99200000000
3289.08800000000
3293.18400000000
3297.28000000000
3301.37600000000
3305.47200000000
3309.56800000000
3313.66400000000
3317.76000000000
3321.85600000000
3325.95200000000
3330.04800000000
3334.14400000000
3338.24000000000
3342.33600000000
3346.43200000000
3350.52800000000
3354.62400000000
3358.72000000000
3362.81600000000
3366.91200000000
3371.00800000000
3375.10400000000
3379.20000000000
3383.29600000000
3387.39200000000
3391.48800000000
3395.58400000000
3399.68000000000
3403.77600000000
3407.87200000000
3411.96800000000
3416.06400000000
3420.16000000000
3424.25600000000
3428.35200000000
3432.44800000000
3436.54400000000
3440.64000000000
3444.73600000000
3448.83200000000
3452.92800000000
3457.02400000000
3461.12000000000
3465.21600000000
3469.31200000000
3473.40800000000
3477.50400000000
3481.60000000000
3485.69600000000
3489.79200000000
3493.88800000000
3497.98400000000
3502.08000000000
3506.17600000000
3510.27200000000
3514.36800000000
3518.46400000000
3522.56000000000
3526.65600000000
3530.75200000000
3534.84800000000
3538.94400000000
3543.04000000000
3547.13600000000
3551.23200000000
3555.32800000000
3559.42400000000
3563.52000000000
3567.61600000000
3571.71200000000
3575.80800000000
3579.90400000000
3584
3588.09600000000
3592.19200000000
3596.28800000000
3600.38400000000
3604.48000000000
3608.57600000000
3612.67200000000
3616.76800000000
3620.86400000000
3624.96000000000
3629.05600000000
3633.15200000000
3637.24800000000
3641.34400000000
3645.44000000000
3649.53600000000
3653.63200000000
3657.72800000000
3661.82400000000
3665.92000000000
3670.01600000000
3674.11200000000
3678.20800000000
3682.30400000000
3686.40000000000
3690.49600000000
3694.59200000000
3698.68800000000
3702.78400000000
3706.88000000000
3710.97600000000
3715.07200000000
3719.16800000000
3723.26400000000
3727.36000000000
3731.45600000000
3735.55200000000
3739.64800000000
3743.74400000000
3747.84000000000
3751.93600000000
3756.03200000000
3760.12800000000
3764.22400000000
3768.32000000000
3772.41600000000
3776.51200000000
3780.60800000000
3784.70400000000
3788.80000000000
3792.89600000000
3796.99200000000
3801.08800000000
3805.18400000000
3809.28000000000
3813.37600000000
3817.47200000000
3821.56800000000
3825.66400000000
3829.76000000000
3833.85600000000
3837.95200000000
3842.04800000000
3846.14400000000
3850.24000000000
3854.33600000000
3858.43200000000
3862.52800000000
3866.62400000000
3870.72000000000
3874.81600000000
3878.91200000000
3883.00800000000
3887.10400000000
3891.20000000000
3895.29600000000
3899.39200000000
3903.48800000000
3907.58400000000
3911.68000000000
3915.77600000000
3919.87200000000
3923.96800000000
3928.06400000000
3932.16000000000
3936.25600000000
3940.35200000000
3944.44800000000
3948.54400000000
3952.64000000000
3956.73600000000
3960.83200000000
3964.92800000000
3969.02400000000
3973.12000000000
3977.21600000000
3981.31200000000
3985.40800000000
3989.50400000000
3993.60000000000
3997.69600000000
4001.79200000000
4005.88800000000
4009.98400000000
4014.08000000000
4018.17600000000
4022.27200000000
4026.36800000000
4030.46400000000
4034.56000000000
4038.65600000000
4042.75200000000
4046.84800000000
4050.94400000000
4055.04000000000
4059.13600000000
4063.23200000000
4067.32800000000
4071.42400000000
4075.52000000000
4079.61600000000
4083.71200000000
4087.80800000000
4091.90400000000
4096
4100.09600000000
4104.19200000000
4108.28800000000
4112.38400000000
4116.48000000000
4120.57600000000
4124.67200000000
4128.76800000000
4132.86400000000
4136.96000000000
4141.05600000000
4145.15200000000
4149.24800000000
4153.34400000000
4157.44000000000
4161.53600000000
4165.63200000000
4169.72800000000
4173.82400000000
4177.92000000000
4182.01600000000
4186.11200000000
4190.20800000000
