0	4
4.09600000000000	4
8.19200000000000	3
12.2880000000000	13
16.3840000000000	7
20.4800000000000	6
24.5760000000000	5
28.6720000000000	208597
32.7680000000000	27220
36.8640000000000	7
40.9600000000000	1556
45.0560000000000	4
49.1520000000000	9
53.2480000000000	18
57.3440000000000	6
61.4400000000000	6
65.5360000000000	5
69.6320000000000	5
73.7280000000000	9
77.8240000000000	9
81.9200000000000	6
86.0160000000000	7
90.1120000000000	7
94.2080000000000	7
98.3040000000000	7
102.400000000000	8
106.496000000000	6
110.592000000000	4
114.688000000000	6
118.784000000000	374
122.880000000000	321
126.976000000000	306
131.072000000000	276
135.168000000000	235
139.264000000000	212
143.360000000000	210
147.456000000000	195
151.552000000000	164
155.648000000000	156
159.744000000000	166
163.840000000000	134
167.936000000000	141
172.032000000000	123
176.128000000000	120
180.224000000000	126
184.320000000000	109
188.416000000000	116
192.512000000000	96
196.608000000000	101
200.704000000000	111
204.800000000000	124
208.896000000000	86
212.992000000000	96
217.088000000000	70
221.184000000000	100
225.280000000000	101
229.376000000000	78
233.472000000000	80
237.568000000000	82
241.664000000000	60
245.760000000000	60
249.856000000000	74
253.952000000000	63
258.048000000000	65
262.144000000000	54
266.240000000000	58
270.336000000000	47
274.432000000000	64
278.528000000000	62
282.624000000000	85
286.720000000000	99
290.816000000000	78
294.912000000000	76
299.008000000000	89
303.104000000000	84
307.200000000000	79
311.296000000000	66
315.392000000000	73
319.488000000000	63
323.584000000000	78
327.680000000000	58
331.776000000000	70
335.872000000000	66
339.968000000000	59
344.064000000000	64
348.160000000000	54
352.256000000000	50
356.352000000000	57
360.448000000000	54
364.544000000000	54
368.640000000000	44
372.736000000000	49
376.832000000000	39
380.928000000000	38
385.024000000000	40
389.120000000000	31
393.216000000000	56
397.312000000000	44
401.408000000000	39
405.504000000000	41
409.600000000000	55
413.696000000000	34
417.792000000000	39
421.888000000000	33
425.984000000000	39
430.080000000000	24
434.176000000000	46
438.272000000000	36
442.368000000000	54
446.464000000000	32
450.560000000000	40
454.656000000000	42
458.752000000000	26
462.848000000000	39
466.944000000000	39
471.040000000000	34
475.136000000000	26
479.232000000000	43
483.328000000000	37
487.424000000000	40
491.520000000000	35
495.616000000000	28
499.712000000000	31
503.808000000000	25
507.904000000000	30
512	34
516.096000000000	32
520.192000000000	30
524.288000000000	34
528.384000000000	26
532.480000000000	21
536.576000000000	25
540.672000000000	39
544.768000000000	25
548.864000000000	27
552.960000000000	34
557.056000000000	27
561.152000000000	15
565.248000000000	20
569.344000000000	28
573.440000000000	18
577.536000000000	14
581.632000000000	22
585.728000000000	26
589.824000000000	41
593.920000000000	22
598.016000000000	22
602.112000000000	18
606.208000000000	19
610.304000000000	21
614.400000000000	17
618.496000000000	29
622.592000000000	26
626.688000000000	21
630.784000000000	23
634.880000000000	26
638.976000000000	18
643.072000000000	23
647.168000000000	24
651.264000000000	13
655.360000000000	21
659.456000000000	25
663.552000000000	18
667.648000000000	22
671.744000000000	19
675.840000000000	21
679.936000000000	33
684.032000000000	22
688.128000000000	18
692.224000000000	17
696.320000000000	26
700.416000000000	21
704.512000000000	17
708.608000000000	23
712.704000000000	20
716.800000000000	19
720.896000000000	13
724.992000000000	22
729.088000000000	20
733.184000000000	18
737.280000000000	19
741.376000000000	25
745.472000000000	18
749.568000000000	17
753.664000000000	21
757.760000000000	20
761.856000000000	15
765.952000000000	9
770.048000000000	10
774.144000000000	24
778.240000000000	12
782.336000000000	19
786.432000000000	20
790.528000000000	13
794.624000000000	22
798.720000000000	17
802.816000000000	18
806.912000000000	13
811.008000000000	11
815.104000000000	18
819.200000000000	15
823.296000000000	16
827.392000000000	22
831.488000000000	13
835.584000000000	16
839.680000000000	20
843.776000000000	15
847.872000000000	15
851.968000000000	18
856.064000000000	18
860.160000000000	15
864.256000000000	12
868.352000000000	13
872.448000000000	14
876.544000000000	14
880.640000000000	11
884.736000000000	16
888.832000000000	11
892.928000000000	10
897.024000000000	20
901.120000000000	14
905.216000000000	20
909.312000000000	10
913.408000000000	23
917.504000000000	18
921.600000000000	13
925.696000000000	12
929.792000000000	14
933.888000000000	9
937.984000000000	13
942.080000000000	9
946.176000000000	12
950.272000000000	16
954.368000000000	19
958.464000000000	16
962.560000000000	17
966.656000000000	16
970.752000000000	12
974.848000000000	9
978.944000000000	9
983.040000000000	20
987.136000000000	11
991.232000000000	10
995.328000000000	16
999.424000000000	11
1003.52000000000	17
1007.61600000000	11
1011.71200000000	12
1015.80800000000	12
1019.90400000000	12
1024	9
1028.09600000000	7
1032.19200000000	11
1036.28800000000	12
1040.38400000000	14
1044.48000000000	16
1048.57600000000	10
1052.67200000000	9
1056.76800000000	14
1060.86400000000	7
1064.96000000000	9
1069.05600000000	21
1073.15200000000	17
1077.24800000000	14
1081.34400000000	7
1085.44000000000	9
1089.53600000000	12
1093.63200000000	13
1097.72800000000	10
1101.82400000000	11
1105.92000000000	16
1110.01600000000	8
1114.11200000000	11
1118.20800000000	12
1122.30400000000	15
1126.40000000000	12
1130.49600000000	6
1134.59200000000	16
1138.68800000000	10
1142.78400000000	17
1146.88000000000	14
1150.97600000000	9
1155.07200000000	14
1159.16800000000	8
1163.26400000000	7
1167.36000000000	10
1171.45600000000	14
1175.55200000000	8
1179.64800000000	10
1183.74400000000	6
1187.84000000000	11
1191.93600000000	10
1196.03200000000	6
1200.12800000000	12
1204.22400000000	8
1208.32000000000	13
1212.41600000000	7
1216.51200000000	6
1220.60800000000	12
1224.70400000000	12
1228.80000000000	11
1232.89600000000	9
1236.99200000000	14
1241.08800000000	7
1245.18400000000	7
1249.28000000000	9
1253.37600000000	5
1257.47200000000	15
1261.56800000000	11
1265.66400000000	11
1269.76000000000	14
1273.85600000000	13
1277.95200000000	12
1282.04800000000	14
1286.14400000000	11
1290.24000000000	7
1294.33600000000	12
1298.43200000000	15
1302.52800000000	8
1306.62400000000	16
1310.72000000000	7
1314.81600000000	8
1318.91200000000	6
1323.00800000000	11
1327.10400000000	10
1331.20000000000	6
1335.29600000000	9
1339.39200000000	11
1343.48800000000	10
1347.58400000000	8
1351.68000000000	12
1355.77600000000	15
1359.87200000000	10
1363.96800000000	13
1368.06400000000	4
1372.16000000000	7
1376.25600000000	10
1380.35200000000	6
1384.44800000000	7
1388.54400000000	5
1392.64000000000	8
1396.73600000000	5
1400.83200000000	7
1404.92800000000	7
1409.02400000000	8
1413.12000000000	5
1417.21600000000	6
1421.31200000000	11
1425.40800000000	10
1429.50400000000	10
1433.60000000000	16
1437.69600000000	4
1441.79200000000	4
1445.88800000000	14
1449.98400000000	9
1454.08000000000	11
1458.17600000000	4
1462.27200000000	9
1466.36800000000	8
1470.46400000000	10
1474.56000000000	16
1478.65600000000	11
1482.75200000000	7
1486.84800000000	7
1490.94400000000	9
1495.04000000000	13
1499.13600000000	11
1503.23200000000	10
1507.32800000000	12
1511.42400000000	8
1515.52000000000	9
1519.61600000000	12
1523.71200000000	10
1527.80800000000	7
1531.90400000000	8
1536	3
1540.09600000000	6
1544.19200000000	7
1548.28800000000	8
1552.38400000000	13
1556.48000000000	6
1560.57600000000	9
1564.67200000000	7
1568.76800000000	6
1572.86400000000	12
1576.96000000000	10
1581.05600000000	7
1585.15200000000	10
1589.24800000000	5
1593.34400000000	9
1597.44000000000	5
1601.53600000000	4
1605.63200000000	10
1609.72800000000	12
1613.82400000000	6
1617.92000000000	7
1622.01600000000	13
1626.11200000000	10
1630.20800000000	10
1634.30400000000	11
1638.40000000000	8
1642.49600000000	4
1646.59200000000	8
1650.68800000000	5
1654.78400000000	9
1658.88000000000	11
1662.97600000000	10
1667.07200000000	9
1671.16800000000	8
1675.26400000000	4
1679.36000000000	10
1683.45600000000	6
1687.55200000000	11
1691.64800000000	9
1695.74400000000	9
1699.84000000000	10
1703.93600000000	4
1708.03200000000	5
1712.12800000000	5
1716.22400000000	7
1720.32000000000	8
1724.41600000000	14
1728.51200000000	8
1732.60800000000	14
1736.70400000000	8
1740.80000000000	3
1744.89600000000	11
1748.99200000000	8
1753.08800000000	8
1757.18400000000	7
1761.28000000000	8
1765.37600000000	3
1769.47200000000	5
1773.56800000000	10
1777.66400000000	9
1781.76000000000	3
1785.85600000000	4
1789.95200000000	11
1794.04800000000	5
1798.14400000000	9
1802.24000000000	5
1806.33600000000	10
1810.43200000000	5
1814.52800000000	9
1818.62400000000	7
1822.72000000000	4
1826.81600000000	11
1830.91200000000	9
1835.00800000000	14
1839.10400000000	12
1843.20000000000	5
1847.29600000000	6
1851.39200000000	9
1855.48800000000	11
1859.58400000000	10
1863.68000000000	3
1867.77600000000	10
1871.87200000000	9
1875.96800000000	10
1880.06400000000	9
1884.16000000000	13
1888.25600000000	9
1892.35200000000	8
1896.44800000000	4
1900.54400000000	9
1904.64000000000	6
1908.73600000000	4
1912.83200000000	6
1916.92800000000	8
1921.02400000000	7
1925.12000000000	7
1929.21600000000	9
1933.31200000000	1
1937.40800000000	8
1941.50400000000	6
1945.60000000000	11
1949.69600000000	11
1953.79200000000	5
1957.88800000000	7
1961.98400000000	11
1966.08000000000	8
1970.17600000000	10
1974.27200000000	6
1978.36800000000	6
1982.46400000000	7
1986.56000000000	5
1990.65600000000	7
1994.75200000000	8
1998.84800000000	9
2002.94400000000	11
2007.04000000000	6
2011.13600000000	8
2015.23200000000	6
2019.32800000000	6
2023.42400000000	8
2027.52000000000	9
2031.61600000000	7
2035.71200000000	6
2039.80800000000	4
2043.90400000000	7
2048	3
2052.09600000000	8
2056.19200000000	9
2060.28800000000	5
2064.38400000000	7
2068.48000000000	4
2072.57600000000	9
2076.67200000000	7
2080.76800000000	7
2084.86400000000	7
2088.96000000000	10
2093.05600000000	8
2097.15200000000	10
2101.24800000000	8
2105.34400000000	10
2109.44000000000	12
2113.53600000000	7
2117.63200000000	7
2121.72800000000	10
2125.82400000000	3
2129.92000000000	7
2134.01600000000	6
2138.11200000000	9
2142.20800000000	13
2146.30400000000	4
2150.40000000000	4
2154.49600000000	6
2158.59200000000	10
2162.68800000000	5
2166.78400000000	7
2170.88000000000	2
2174.97600000000	4
2179.07200000000	10
2183.16800000000	6
2187.26400000000	11
2191.36000000000	5
2195.45600000000	4
2199.55200000000	6
2203.64800000000	6
2207.74400000000	10
2211.84000000000	8
2215.93600000000	9
2220.03200000000	6
2224.12800000000	8
2228.22400000000	9
2232.32000000000	9
2236.41600000000	9
2240.51200000000	10
2244.60800000000	10
2248.70400000000	7
2252.80000000000	8
2256.89600000000	11
2260.99200000000	7
2265.08800000000	5
2269.18400000000	7
2273.28000000000	7
2277.37600000000	7
2281.47200000000	6
2285.56800000000	5
2289.66400000000	4
2293.76000000000	6
2297.85600000000	6
2301.95200000000	10
2306.04800000000	5
2310.14400000000	7
2314.24000000000	15
2318.33600000000	10
2322.43200000000	8
2326.52800000000	6
2330.62400000000	11
2334.72000000000	8
2338.81600000000	4
2342.91200000000	10
2347.00800000000	8
2351.10400000000	6
2355.20000000000	6
2359.29600000000	4
2363.39200000000	3
2367.48800000000	6
2371.58400000000	8
2375.68000000000	10
2379.77600000000	5
2383.87200000000	4
2387.96800000000	8
2392.06400000000	3
2396.16000000000	12
2400.25600000000	8
2404.35200000000	17
2408.44800000000	10
2412.54400000000	4
2416.64000000000	5
2420.73600000000	9
2424.83200000000	9
2428.92800000000	6
2433.02400000000	6
2437.12000000000	8
2441.21600000000	5
2445.31200000000	13
2449.40800000000	3
2453.50400000000	4
2457.60000000000	5
2461.69600000000	7
2465.79200000000	6
2469.88800000000	7
2473.98400000000	5
2478.08000000000	11
2482.17600000000	8
2486.27200000000	11
2490.36800000000	5
2494.46400000000	6
2498.56000000000	7
2502.65600000000	11
2506.75200000000	9
2510.84800000000	11
2514.94400000000	7
2519.04000000000	6
2523.13600000000	8
2527.23200000000	10
2531.32800000000	9
2535.42400000000	4
2539.52000000000	3
2543.61600000000	6
2547.71200000000	6
2551.80800000000	5
2555.90400000000	8
2560	8
2564.09600000000	8
2568.19200000000	5
2572.28800000000	7
2576.38400000000	10
2580.48000000000	5
2584.57600000000	5
2588.67200000000	8
2592.76800000000	3
2596.86400000000	3
2600.96000000000	5
2605.05600000000	6
2609.15200000000	2
2613.24800000000	10
2617.34400000000	4
2621.44000000000	3
2625.53600000000	3
2629.63200000000	5
2633.72800000000	16
2637.82400000000	2
2641.92000000000	7
2646.01600000000	8
2650.11200000000	9
2654.20800000000	4
2658.30400000000	8
2662.40000000000	5
2666.49600000000	10
2670.59200000000	5
2674.68800000000	11
2678.78400000000	6
2682.88000000000	5
2686.97600000000	6
2691.07200000000	4
2695.16800000000	7
2699.26400000000	13
2703.36000000000	4
2707.45600000000	5
2711.55200000000	8
2715.64800000000	7
2719.74400000000	6
2723.84000000000	2
2727.93600000000	7
2732.03200000000	7
2736.12800000000	11
2740.22400000000	9
2744.32000000000	7
2748.41600000000	4
2752.51200000000	10
2756.60800000000	9
2760.70400000000	2
2764.80000000000	5
2768.89600000000	9
2772.99200000000	5
2777.08800000000	5
2781.18400000000	9
2785.28000000000	8
2789.37600000000	6
2793.47200000000	4
2797.56800000000	8
2801.66400000000	9
2805.76000000000	7
2809.85600000000	10
2813.95200000000	4
2818.04800000000	6
2822.14400000000	4
2826.24000000000	9
2830.33600000000	5
2834.43200000000	7
2838.52800000000	7
2842.62400000000	8
2846.72000000000	2
2850.81600000000	3
2854.91200000000	9
2859.00800000000	6
2863.10400000000	3
2867.20000000000	15
2871.29600000000	1
2875.39200000000	7
2879.48800000000	4
2883.58400000000	6
2887.68000000000	1
2891.77600000000	6
2895.87200000000	6
2899.96800000000	4
2904.06400000000	3
2908.16000000000	1
2912.25600000000	7
2916.35200000000	6
2920.44800000000	4
2924.54400000000	8
2928.64000000000	10
2932.73600000000	8
2936.83200000000	7
2940.92800000000	6
2945.02400000000	8
2949.12000000000	7
2953.21600000000	8
2957.31200000000	10
2961.40800000000	6
2965.50400000000	10
2969.60000000000	6
2973.69600000000	7
2977.79200000000	6
2981.88800000000	7
2985.98400000000	5
2990.08000000000	8
2994.17600000000	3
2998.27200000000	4
3002.36800000000	3
3006.46400000000	7
3010.56000000000	4
3014.65600000000	10
3018.75200000000	10
3022.84800000000	5
3026.94400000000	6
3031.04000000000	13
3035.13600000000	5
3039.23200000000	5
3043.32800000000	4
3047.42400000000	6
3051.52000000000	7
3055.61600000000	10
3059.71200000000	6
3063.80800000000	7
3067.90400000000	4
3072	4
3076.09600000000	6
3080.19200000000	4
3084.28800000000	6
3088.38400000000	7
3092.48000000000	5
3096.57600000000	11
3100.67200000000	3
3104.76800000000	9
3108.86400000000	5
3112.96000000000	7
3117.05600000000	5
3121.15200000000	5
3125.24800000000	5
3129.34400000000	8
3133.44000000000	7
3137.53600000000	6
3141.63200000000	9
3145.72800000000	7
3149.82400000000	6
3153.92000000000	9
3158.01600000000	13
3162.11200000000	11
3166.20800000000	8
3170.30400000000	6
3174.40000000000	7
3178.49600000000	11
3182.59200000000	8
3186.68800000000	14
3190.78400000000	8
3194.88000000000	6
3198.97600000000	5
3203.07200000000	7
3207.16800000000	8
3211.26400000000	3
3215.36000000000	11
3219.45600000000	7
3223.55200000000	11
3227.64800000000	4
3231.74400000000	9
3235.84000000000	4
3239.93600000000	6
3244.03200000000	9
3248.12800000000	6
3252.22400000000	4
3256.32000000000	6
3260.41600000000	7
3264.51200000000	11
3268.60800000000	6
3272.70400000000	8
3276.80000000000	8
3280.89600000000	6
3284.99200000000	1
3289.08800000000	8
3293.18400000000	8
3297.28000000000	5
3301.37600000000	8
3305.47200000000	4
3309.56800000000	3
3313.66400000000	13
3317.76000000000	8
3321.85600000000	12
3325.95200000000	5
3330.04800000000	12
3334.14400000000	8
3338.24000000000	7
3342.33600000000	10
3346.43200000000	5
3350.52800000000	7
3354.62400000000	3
3358.72000000000	5
3362.81600000000	7
3366.91200000000	6
3371.00800000000	9
3375.10400000000	6
3379.20000000000	2
3383.29600000000	6
3387.39200000000	5
3391.48800000000	3
3395.58400000000	4
3399.68000000000	5
3403.77600000000	7
3407.87200000000	8
3411.96800000000	2
3416.06400000000	5
3420.16000000000	8
3424.25600000000	6
3428.35200000000	2
3432.44800000000	9
3436.54400000000	10
3440.64000000000	4
3444.73600000000	6
3448.83200000000	5
3452.92800000000	6
3457.02400000000	5
3461.12000000000	12
3465.21600000000	9
3469.31200000000	9
3473.40800000000	3
3477.50400000000	4
3481.60000000000	5
3485.69600000000	5
3489.79200000000	4
3493.88800000000	2
3497.98400000000	5
3502.08000000000	6
3506.17600000000	2
3510.27200000000	6
3514.36800000000	11
3518.46400000000	11
3522.56000000000	6
3526.65600000000	7
3530.75200000000	7
3534.84800000000	8
3538.94400000000	2
3543.04000000000	6
3547.13600000000	7
3551.23200000000	9
3555.32800000000	7
3559.42400000000	12
3563.52000000000	3
3567.61600000000	8
3571.71200000000	6
3575.80800000000	6
3579.90400000000	1
3584	10
3588.09600000000	5
3592.19200000000	5
3596.28800000000	8
3600.38400000000	8
3604.48000000000	7
3608.57600000000	5
3612.67200000000	9
3616.76800000000	6
3620.86400000000	5
3624.96000000000	5
3629.05600000000	7
3633.15200000000	3
3637.24800000000	10
3641.34400000000	5
3645.44000000000	4
3649.53600000000	2
3653.63200000000	6
3657.72800000000	5
3661.82400000000	6
3665.92000000000	8
3670.01600000000	6
3674.11200000000	6
3678.20800000000	11
3682.30400000000	8
3686.40000000000	4
3690.49600000000	7
3694.59200000000	3
3698.68800000000	7
3702.78400000000	11
3706.88000000000	6
3710.97600000000	6
3715.07200000000	7
3719.16800000000	10
3723.26400000000	4
3727.36000000000	4
3731.45600000000	3
3735.55200000000	4
3739.64800000000	4
3743.74400000000	5
3747.84000000000	6
3751.93600000000	9
3756.03200000000	9
3760.12800000000	5
3764.22400000000	5
3768.32000000000	5
3772.41600000000	9
3776.51200000000	8
3780.60800000000	12
3784.70400000000	6
3788.80000000000	4
3792.89600000000	10
3796.99200000000	5
3801.08800000000	7
3805.18400000000	4
3809.28000000000	11
3813.37600000000	8
3817.47200000000	6
3821.56800000000	8
3825.66400000000	7
3829.76000000000	8
3833.85600000000	10
3837.95200000000	11
3842.04800000000	8
3846.14400000000	5
3850.24000000000	7
3854.33600000000	4
3858.43200000000	3
3862.52800000000	9
3866.62400000000	8
3870.72000000000	7
3874.81600000000	12
3878.91200000000	9
3883.00800000000	6
3887.10400000000	5
3891.20000000000	9
3895.29600000000	5
3899.39200000000	5
3903.48800000000	7
3907.58400000000	9
3911.68000000000	5
3915.77600000000	6
3919.87200000000	9
3923.96800000000	12
3928.06400000000	5
3932.16000000000	6
3936.25600000000	8
3940.35200000000	4
3944.44800000000	6
3948.54400000000	4
3952.64000000000	3
3956.73600000000	13
3960.83200000000	4
3964.92800000000	10
3969.02400000000	5
3973.12000000000	9
3977.21600000000	8
3981.31200000000	7
3985.40800000000	2
3989.50400000000	17
3993.60000000000	6
3997.69600000000	11
4001.79200000000	6
4005.88800000000	5
4009.98400000000	6
4014.08000000000	2
4018.17600000000	6
4022.27200000000	6
4026.36800000000	7
4030.46400000000	4
4034.56000000000	18
4038.65600000000	8
4042.75200000000	11
4046.84800000000	9
4050.94400000000	7
4055.04000000000	2
4059.13600000000	4
4063.23200000000	12
4067.32800000000	4
4071.42400000000	5
4075.52000000000	10
4079.61600000000	6
4083.71200000000	7
4087.80800000000	7
4091.90400000000	8
4096	13
4100.09600000000	5
4104.19200000000	6
4108.28800000000	4
4112.38400000000	8
4116.48000000000	8
4120.57600000000	5
4124.67200000000	2
4128.76800000000	7
4132.86400000000	4
4136.96000000000	8
4141.05600000000	4
4145.15200000000	9
4149.24800000000	7
4153.34400000000	9
4157.44000000000	6
4161.53600000000	6
4165.63200000000	3
4169.72800000000	9
4173.82400000000	8
4177.92000000000	7
4182.01600000000	6
4186.11200000000	9
4190.20800000000	7
4194.30400000000	2
4198.40000000000	6
4202.49600000000	4
4206.59200000000	5
4210.68800000000	3
4214.78400000000	8
4218.88000000000	11
4222.97600000000	10
4227.07200000000	5
4231.16800000000	7
4235.26400000000	11
4239.36000000000	9
4243.45600000000	7
4247.55200000000	9
4251.64800000000	9
4255.74400000000	10
4259.84000000000	8
4263.93600000000	5
4268.03200000000	6
4272.12800000000	7
4276.22400000000	12
4280.32000000000	14
4284.41600000000	7
4288.51200000000	6
4292.60800000000	12
4296.70400000000	10
4300.80000000000	12
4304.89600000000	6
4308.99200000000	2
4313.08800000000	10
4317.18400000000	7
4321.28000000000	13
4325.37600000000	6
4329.47200000000	5
4333.56800000000	5
4337.66400000000	7
4341.76000000000	6
4345.85600000000	10
4349.95200000000	7
4354.04800000000	7
4358.14400000000	8
4362.24000000000	10
4366.33600000000	6
4370.43200000000	5
4374.52800000000	8
4378.62400000000	9
4382.72000000000	5
4386.81600000000	5
4390.91200000000	6
4395.00800000000	10
4399.10400000000	4
4403.20000000000	5
4407.29600000000	9
4411.39200000000	11
4415.48800000000	8
4419.58400000000	7
4423.68000000000	7
4427.77600000000	2
4431.87200000000	9
4435.96800000000	5
4440.06400000000	9
4444.16000000000	6
4448.25600000000	6
4452.35200000000	4
4456.44800000000	3
4460.54400000000	9
4464.64000000000	4
4468.73600000000	7
4472.83200000000	6
4476.92800000000	3
4481.02400000000	5
4485.12000000000	3
4489.21600000000	9
4493.31200000000	9
4497.40800000000	8
4501.50400000000	7
4505.60000000000	6
4509.69600000000	9
4513.79200000000	13
4517.88800000000	4
4521.98400000000	5
4526.08000000000	6
4530.17600000000	2
4534.27200000000	11
4538.36800000000	6
4542.46400000000	3
4546.56000000000	5
4550.65600000000	15
4554.75200000000	7
4558.84800000000	6
4562.94400000000	6
4567.04000000000	5
4571.13600000000	8
4575.23200000000	6
4579.32800000000	13
4583.42400000000	10
4587.52000000000	11
4591.61600000000	11
4595.71200000000	8
4599.80800000000	10
4603.90400000000	7
4608	5
4612.09600000000	5
4616.19200000000	10
4620.28800000000	5
4624.38400000000	6
4628.48000000000	11
4632.57600000000	9
4636.67200000000	10
4640.76800000000	9
4644.86400000000	10
4648.96000000000	6
4653.05600000000	5
4657.15200000000	11
4661.24800000000	6
4665.34400000000	7
4669.44000000000	2
4673.53600000000	10
4677.63200000000	6
4681.72800000000	7
4685.82400000000	13
4689.92000000000	2
4694.01600000000	5
4698.11200000000	7
4702.20800000000	5
4706.30400000000	3
4710.40000000000	6
4714.49600000000	5
4718.59200000000	6
4722.68800000000	7
4726.78400000000	7
4730.88000000000	8
4734.97600000000	4
4739.07200000000	1
4743.16800000000	8
4747.26400000000	9
4751.36000000000	7
4755.45600000000	8
4759.55200000000	7
4763.64800000000	8
4767.74400000000	5
4771.84000000000	10
4775.93600000000	2
4780.03200000000	7
4784.12800000000	4
4788.22400000000	6
4792.32000000000	6
4796.41600000000	9
4800.51200000000	8
4804.60800000000	3
4808.70400000000	8
4812.80000000000	3
4816.89600000000	4
4820.99200000000	6
4825.08800000000	8
4829.18400000000	3
4833.28000000000	9
4837.37600000000	6
4841.47200000000	4
4845.56800000000	3
4849.66400000000	10
4853.76000000000	12
4857.85600000000	6
4861.95200000000	6
4866.04800000000	7
4870.14400000000	3
4874.24000000000	11
4878.33600000000	7
4882.43200000000	7
4886.52800000000	9
4890.62400000000	9
4894.72000000000	8
4898.81600000000	8
4902.91200000000	7
4907.00800000000	7
4911.10400000000	8
4915.20000000000	6
4919.29600000000	9
4923.39200000000	7
4927.48800000000	4
4931.58400000000	7
4935.68000000000	8
4939.77600000000	6
4943.87200000000	8
4947.96800000000	14
4952.06400000000	5
4956.16000000000	5
4960.25600000000	8
4964.35200000000	6
4968.44800000000	8
4972.54400000000	4
4976.64000000000	7
4980.73600000000	5
4984.83200000000	8
4988.92800000000	10
4993.02400000000	9
4997.12000000000	7
5001.21600000000	7
5005.31200000000	5
5009.40800000000	4
5013.50400000000	4
5017.60000000000	10
5021.69600000000	2
5025.79200000000	12
5029.88800000000	7
5033.98400000000	8
5038.08000000000	6
5042.17600000000	8
5046.27200000000	8
5050.36800000000	9
5054.46400000000	5
5058.56000000000	7
5062.65600000000	4
5066.75200000000	4
5070.84800000000	8
5074.94400000000	8
5079.04000000000	4
5083.13600000000	9
5087.23200000000	6
5091.32800000000	8
5095.42400000000	7
5099.52000000000	5
5103.61600000000	9
5107.71200000000	2
5111.80800000000	5
5115.90400000000	6
5120	7
5124.09600000000	3
5128.19200000000	9
5132.28800000000	6
5136.38400000000	5
5140.48000000000	9
5144.57600000000	6
5148.67200000000	4
5152.76800000000	10
5156.86400000000	9
5160.96000000000	4
5165.05600000000	6
5169.15200000000	5
5173.24800000000	6
5177.34400000000	4
5181.44000000000	8
5185.53600000000	9
5189.63200000000	3
5193.72800000000	6
5197.82400000000	6
5201.92000000000	6
5206.01600000000	5
5210.11200000000	9
5214.20800000000	1
5218.30400000000	10
5222.40000000000	2
5226.49600000000	5
5230.59200000000	3
5234.68800000000	12
5238.78400000000	3
5242.88000000000	5
5246.97600000000	11
5251.07200000000	11
5255.16800000000	6
5259.26400000000	6
5263.36000000000	6
5267.45600000000	5
5271.55200000000	3
5275.64800000000	12
5279.74400000000	11
5283.84000000000	9
5287.93600000000	6
5292.03200000000	6
5296.12800000000	8
5300.22400000000	5
5304.32000000000	5
5308.41600000000	6
5312.51200000000	5
5316.60800000000	6
5320.70400000000	5
5324.80000000000	3
5328.89600000000	7
5332.99200000000	6
5337.08800000000	7
5341.18400000000	12
5345.28000000000	10
5349.37600000000	9
5353.47200000000	6
5357.56800000000	5
5361.66400000000	8
5365.76000000000	5
5369.85600000000	5
5373.95200000000	6
5378.04800000000	10
5382.14400000000	5
5386.24000000000	11
5390.33600000000	11
5394.43200000000	6
5398.52800000000	6
5402.62400000000	6
5406.72000000000	4
5410.81600000000	5
5414.91200000000	8
5419.00800000000	5
5423.10400000000	6
5427.20000000000	8
5431.29600000000	7
5435.39200000000	7
5439.48800000000	2
5443.58400000000	3
5447.68000000000	6
5451.77600000000	9
5455.87200000000	5
5459.96800000000	15
5464.06400000000	7
5468.16000000000	6
5472.25600000000	7
5476.35200000000	12
5480.44800000000	5
5484.54400000000	7
5488.64000000000	6
5492.73600000000	6
5496.83200000000	6
5500.92800000000	5
5505.02400000000	6
5509.12000000000	6
5513.21600000000	4
5517.31200000000	13
5521.40800000000	10
5525.50400000000	7
5529.60000000000	5
5533.69600000000	10
5537.79200000000	8
5541.88800000000	5
5545.98400000000	7
5550.08000000000	11
5554.17600000000	9
5558.27200000000	9
5562.36800000000	7
5566.46400000000	10
5570.56000000000	6
5574.65600000000	7
5578.75200000000	10
5582.84800000000	7
5586.94400000000	13
5591.04000000000	5
5595.13600000000	4
5599.23200000000	8
5603.32800000000	8
5607.42400000000	1
5611.52000000000	4
5615.61600000000	9
5619.71200000000	8
5623.80800000000	12
5627.90400000000	11
5632	15
5636.09600000000	9
5640.19200000000	10
5644.28800000000	5
5648.38400000000	7
5652.48000000000	8
5656.57600000000	10
5660.67200000000	8
5664.76800000000	8
5668.86400000000	7
5672.96000000000	8
5677.05600000000	5
5681.15200000000	4
5685.24800000000	9
5689.34400000000	14
5693.44000000000	8
5697.53600000000	4
5701.63200000000	9
5705.72800000000	9
5709.82400000000	3
5713.92000000000	7
5718.01600000000	3
5722.11200000000	7
5726.20800000000	5
5730.30400000000	14
5734.40000000000	8
5738.49600000000	5
5742.59200000000	8
5746.68800000000	6
5750.78400000000	10
5754.88000000000	9
5758.97600000000	10
5763.07200000000	8
5767.16800000000	6
5771.26400000000	5
5775.36000000000	8
5779.45600000000	6
5783.55200000000	9
5787.64800000000	10
5791.74400000000	2
5795.84000000000	8
5799.93600000000	8
5804.03200000000	10
5808.12800000000	5
5812.22400000000	7
5816.32000000000	6
5820.41600000000	14
5824.51200000000	7
5828.60800000000	9
5832.70400000000	4
5836.80000000000	9
5840.89600000000	6
5844.99200000000	6
5849.08800000000	3
5853.18400000000	10
5857.28000000000	7
5861.37600000000	7
5865.47200000000	6
5869.56800000000	7
5873.66400000000	6
5877.76000000000	8
5881.85600000000	9
5885.95200000000	9
5890.04800000000	8
5894.14400000000	9
5898.24000000000	6
5902.33600000000	8
5906.43200000000	3
5910.52800000000	6
5914.62400000000	5
5918.72000000000	5
5922.81600000000	4
5926.91200000000	7
5931.00800000000	10
5935.10400000000	7
5939.20000000000	8
5943.29600000000	6
5947.39200000000	8
5951.48800000000	6
5955.58400000000	8
5959.68000000000	6
5963.77600000000	5
5967.87200000000	12
5971.96800000000	9
5976.06400000000	6
5980.16000000000	4
5984.25600000000	11
5988.35200000000	3
5992.44800000000	4
5996.54400000000	7
6000.64000000000	8
6004.73600000000	7
6008.83200000000	5
6012.92800000000	5
6017.02400000000	8
6021.12000000000	6
6025.21600000000	4
6029.31200000000	11
6033.40800000000	8
6037.50400000000	5
6041.60000000000	8
6045.69600000000	8
6049.79200000000	5
6053.88800000000	8
6057.98400000000	10
6062.08000000000	4
6066.17600000000	10
6070.27200000000	8
6074.36800000000	8
6078.46400000000	6
6082.56000000000	7
6086.65600000000	3
6090.75200000000	9
6094.84800000000	7
6098.94400000000	9
6103.04000000000	6
6107.13600000000	12
6111.23200000000	5
6115.32800000000	5
6119.42400000000	12
6123.52000000000	7
6127.61600000000	8
6131.71200000000	3
6135.80800000000	5
6139.90400000000	9
6144	6
6148.09600000000	2
6152.19200000000	7
6156.28800000000	3
6160.38400000000	3
6164.48000000000	6
6168.57600000000	7
6172.67200000000	1
6176.76800000000	11
6180.86400000000	7
6184.96000000000	8
6189.05600000000	5
6193.15200000000	6
6197.24800000000	7
6201.34400000000	5
6205.44000000000	5
6209.53600000000	9
6213.63200000000	4
6217.72800000000	9
6221.82400000000	4
6225.92000000000	5
6230.01600000000	5
6234.11200000000	14
6238.20800000000	5
6242.30400000000	11
6246.40000000000	7
6250.49600000000	9
6254.59200000000	2
6258.68800000000	5
6262.78400000000	6
6266.88000000000	4
6270.97600000000	4
6275.07200000000	4
6279.16800000000	9
6283.26400000000	6
6287.36000000000	7
6291.45600000000	4
6295.55200000000	7
6299.64800000000	11
6303.74400000000	10
6307.84000000000	5
6311.93600000000	8
6316.03200000000	8
6320.12800000000	6
6324.22400000000	4
6328.32000000000	6
6332.41600000000	6
6336.51200000000	12
6340.60800000000	11
6344.70400000000	4
6348.80000000000	8
6352.89600000000	5
6356.99200000000	8
6361.08800000000	8
6365.18400000000	13
6369.28000000000	10
6373.37600000000	4
6377.47200000000	6
6381.56800000000	6
6385.66400000000	3
6389.76000000000	6
6393.85600000000	6
6397.95200000000	7
6402.04800000000	8
6406.14400000000	7
6410.24000000000	4
6414.33600000000	5
6418.43200000000	3
6422.52800000000	4
6426.62400000000	6
6430.72000000000	3
6434.81600000000	4
6438.91200000000	4
6443.00800000000	8
6447.10400000000	4
6451.20000000000	5
6455.29600000000	10
6459.39200000000	9
6463.48800000000	7
6467.58400000000	11
6471.68000000000	6
6475.77600000000	11
6479.87200000000	11
6483.96800000000	6
6488.06400000000	6
6492.16000000000	8
6496.25600000000	9
6500.35200000000	9
6504.44800000000	6
6508.54400000000	6
6512.64000000000	6
6516.73600000000	5
6520.83200000000	11
6524.92800000000	3
6529.02400000000	7
6533.12000000000	9
6537.21600000000	3
6541.31200000000	7
6545.40800000000	5
6549.50400000000	7
6553.60000000000	6
6557.69600000000	5
6561.79200000000	6
6565.88800000000	7
6569.98400000000	2
6574.08000000000	4
6578.17600000000	9
6582.27200000000	7
6586.36800000000	7
6590.46400000000	11
6594.56000000000	7
6598.65600000000	3
6602.75200000000	6
6606.84800000000	4
6610.94400000000	5
6615.04000000000	11
6619.13600000000	4
6623.23200000000	6
6627.32800000000	4
6631.42400000000	5
6635.52000000000	5
6639.61600000000	7
6643.71200000000	5
6647.80800000000	6
6651.90400000000	8
6656	10
6660.09600000000	5
6664.19200000000	7
6668.28800000000	4
6672.38400000000	6
6676.48000000000	7
6680.57600000000	8
6684.67200000000	8
6688.76800000000	3
6692.86400000000	8
6696.96000000000	4
6701.05600000000	4
6705.15200000000	7
6709.24800000000	7
6713.34400000000	8
6717.44000000000	9
6721.53600000000	11
6725.63200000000	10
6729.72800000000	10
6733.82400000000	5
6737.92000000000	10
6742.01600000000	8
6746.11200000000	4
6750.20800000000	5
6754.30400000000	8
6758.40000000000	4
6762.49600000000	3
6766.59200000000	6
6770.68800000000	5
6774.78400000000	6
6778.88000000000	7
6782.97600000000	5
6787.07200000000	3
6791.16800000000	5
6795.26400000000	3
6799.36000000000	9
6803.45600000000	4
6807.55200000000	10
6811.64800000000	4
6815.74400000000	2
6819.84000000000	3
6823.93600000000	7
6828.03200000000	5
6832.12800000000	1
6836.22400000000	5
6840.32000000000	3
6844.41600000000	9
6848.51200000000	8
6852.60800000000	8
6856.70400000000	9
6860.80000000000	3
6864.89600000000	1
6868.99200000000	4
6873.08800000000	10
6877.18400000000	5
6881.28000000000	7
6885.37600000000	9
6889.47200000000	6
6893.56800000000	3
6897.66400000000	8
6901.76000000000	7
6905.85600000000	4
6909.95200000000	8
6914.04800000000	2
6918.14400000000	6
6922.24000000000	11
6926.33600000000	4
6930.43200000000	6
6934.52800000000	1
6938.62400000000	6
6942.72000000000	6
6946.81600000000	11
6950.91200000000	5
6955.00800000000	7
6959.10400000000	7
6963.20000000000	10
6967.29600000000	8
6971.39200000000	4
6975.48800000000	8
6979.58400000000	15
6983.68000000000	8
6987.77600000000	6
6991.87200000000	6
6995.96800000000	4
7000.06400000000	7
7004.16000000000	8
7008.25600000000	5
7012.35200000000	9
7016.44800000000	9
7020.54400000000	10
7024.64000000000	5
7028.73600000000	3
7032.83200000000	3
7036.92800000000	4
7041.02400000000	4
7045.12000000000	3
7049.21600000000	14
7053.31200000000	7
7057.40800000000	5
7061.50400000000	3
7065.60000000000	7
7069.69600000000	8
7073.79200000000	6
7077.88800000000	3
7081.98400000000	5
7086.08000000000	6
7090.17600000000	5
7094.27200000000	5
7098.36800000000	2
7102.46400000000	5
7106.56000000000	6
7110.65600000000	3
7114.75200000000	3
7118.84800000000	3
7122.94400000000	6
7127.04000000000	10
7131.13600000000	4
7135.23200000000	14
7139.32800000000	5
7143.42400000000	7
7147.52000000000	5
7151.61600000000	8
7155.71200000000	6
7159.80800000000	5
7163.90400000000	7
7168	2
7172.09600000000	4
7176.19200000000	2
7180.28800000000	6
7184.38400000000	5
7188.48000000000	7
7192.57600000000	8
7196.67200000000	8
7200.76800000000	6
7204.86400000000	6
7208.96000000000	4
7213.05600000000	7
7217.15200000000	10
7221.24800000000	6
7225.34400000000	3
7229.44000000000	10
7233.53600000000	4
7237.63200000000	8
7241.72800000000	7
7245.82400000000	5
7249.92000000000	7
7254.01600000000	7
7258.11200000000	6
7262.20800000000	6
7266.30400000000	7
7270.40000000000	3
7274.49600000000	4
7278.59200000000	6
7282.68800000000	8
7286.78400000000	8
7290.88000000000	9
7294.97600000000	5
7299.07200000000	9
7303.16800000000	7
7307.26400000000	3
7311.36000000000	4
7315.45600000000	10
7319.55200000000	9
7323.64800000000	7
7327.74400000000	10
7331.84000000000	12
7335.93600000000	4
7340.03200000000	5
7344.12800000000	7
7348.22400000000	1
7352.32000000000	1
7356.41600000000	5
7360.51200000000	5
7364.60800000000	8
7368.70400000000	3
7372.80000000000	9
7376.89600000000	2
7380.99200000000	2
7385.08800000000	7
7389.18400000000	5
7393.28000000000	9
7397.37600000000	6
7401.47200000000	6
7405.56800000000	4
7409.66400000000	6
7413.76000000000	9
7417.85600000000	4
7421.95200000000	6
7426.04800000000	3
7430.14400000000	4
7434.24000000000	6
7438.33600000000	9
7442.43200000000	5
7446.52800000000	8
7450.62400000000	9
7454.72000000000	6
7458.81600000000	8
7462.91200000000	9
7467.00800000000	7
7471.10400000000	3
7475.20000000000	10
7479.29600000000	8
7483.39200000000	9
7487.48800000000	5
7491.58400000000	5
7495.68000000000	9
7499.77600000000	5
7503.87200000000	10
7507.96800000000	6
7512.06400000000	11
7516.16000000000	9
7520.25600000000	5
7524.35200000000	12
7528.44800000000	9
7532.54400000000	5
7536.64000000000	6
7540.73600000000	6
7544.83200000000	3
7548.92800000000	2
7553.02400000000	8
7557.12000000000	4
7561.21600000000	4
7565.31200000000	6
7569.40800000000	12
7573.50400000000	6
7577.60000000000	7
7581.69600000000	8
7585.79200000000	7
7589.88800000000	10
7593.98400000000	13
7598.08000000000	4
7602.17600000000	8
7606.27200000000	5
7610.36800000000	12
7614.46400000000	11
7618.56000000000	6
7622.65600000000	7
7626.75200000000	6
7630.84800000000	4
7634.94400000000	7
7639.04000000000	5
7643.13600000000	4
7647.23200000000	6
7651.32800000000	8
7655.42400000000	5
7659.52000000000	6
7663.61600000000	4
7667.71200000000	7
7671.80800000000	8
7675.90400000000	11
7680	9
7684.09600000000	5
7688.19200000000	7
7692.28800000000	4
7696.38400000000	5
7700.48000000000	11
7704.57600000000	6
7708.67200000000	3
7712.76800000000	8
7716.86400000000	7
7720.96000000000	5
7725.05600000000	8
7729.15200000000	8
7733.24800000000	8
7737.34400000000	7
7741.44000000000	11
7745.53600000000	2
7749.63200000000	6
7753.72800000000	3
7757.82400000000	9
7761.92000000000	4
7766.01600000000	7
7770.11200000000	10
7774.20800000000	4
7778.30400000000	8
7782.40000000000	12
7786.49600000000	0
7790.59200000000	7
7794.68800000000	8
7798.78400000000	7
7802.88000000000	11
7806.97600000000	5
7811.07200000000	10
7815.16800000000	6
7819.26400000000	3
7823.36000000000	3
7827.45600000000	7
7831.55200000000	4
7835.64800000000	7
7839.74400000000	7
7843.84000000000	3
7847.93600000000	5
7852.03200000000	10
7856.12800000000	6
7860.22400000000	7
7864.32000000000	7
7868.41600000000	7
7872.51200000000	5
7876.60800000000	5
7880.70400000000	12
7884.80000000000	11
7888.89600000000	5
7892.99200000000	3
7897.08800000000	4
7901.18400000000	9
7905.28000000000	7
7909.37600000000	5
7913.47200000000	10
7917.56800000000	11
7921.66400000000	10
7925.76000000000	8
7929.85600000000	4
7933.95200000000	7
7938.04800000000	2
7942.14400000000	7
7946.24000000000	6
7950.33600000000	8
7954.43200000000	7
7958.52800000000	5
7962.62400000000	8
7966.72000000000	3
7970.81600000000	4
7974.91200000000	2
7979.00800000000	3
7983.10400000000	6
7987.20000000000	7
7991.29600000000	7
7995.39200000000	10
7999.48800000000	0
8003.58400000000	0
8007.68000000000	0
8011.77600000000	0
8015.87200000000	0
8019.96800000000	0
8024.06400000000	0
8028.16000000000	0
8032.25600000000	0
8036.35200000000	0
8040.44800000000	0
8044.54400000000	0
8048.64000000000	0
8052.73600000000	0
8056.83200000000	0
8060.92800000000	0
8065.02400000000	0
8069.12000000000	0
8073.21600000000	0
8077.31200000000	0
8081.40800000000	0
8085.50400000000	0
8089.60000000000	0
8093.69600000000	0
8097.79200000000	0
8101.88800000000	0
8105.98400000000	0
8110.08000000000	0
8114.17600000000	0
8118.27200000000	0
8122.36800000000	0
8126.46400000000	0
8130.56000000000	0
8134.65600000000	0
8138.75200000000	0
8142.84800000000	0
8146.94400000000	0
8151.04000000000	0
8155.13600000000	0
8159.23200000000	0
8163.32800000000	0
8167.42400000000	0
8171.52000000000	0
8175.61600000000	0
8179.71200000000	0
8183.80800000000	0
8187.90400000000	0
8192	0
8196.09600000000	0
8200.19200000000	0
8204.28800000000	0
8208.38400000000	0
8212.48000000000	0
8216.57600000000	0
8220.67200000000	0
8224.76800000000	0
8228.86400000000	0
8232.96000000000	0
8237.05600000000	0
8241.15200000000	0
8245.24800000000	0
8249.34400000000	0
8253.44000000000	0
8257.53600000000	0
8261.63200000000	0
8265.72800000000	0
8269.82400000000	0
8273.92000000000	0
8278.01600000000	0
8282.11200000000	0
8286.20800000000	0
8290.30400000000	0
8294.40000000000	0
8298.49600000000	0
8302.59200000000	0
8306.68800000000	0
8310.78400000000	0
8314.88000000000	0
8318.97600000000	0
8323.07200000000	0
8327.16800000000	0
8331.26400000000	0
8335.36000000000	0
8339.45600000000	0
8343.55200000000	0
8347.64800000000	0
8351.74400000000	0
8355.84000000000	0
8359.93600000000	0
8364.03200000000	0
8368.12800000000	0
8372.22400000000	0
8376.32000000000	0
8380.41600000000	0
8384.51200000000	0